84862
60911
69569
51983
17807
20922
67513
19070
7548
74715
19645
47009
41859
22364
54580
54086
77864
77194
21132
35245
80960
42336
33174
85972
3155
55144
50223
34133
52055
33103
54452
96404
99786
35911
4812
44911
11762
38091
11622
78291
59584
21209
95745
61855
18831
72801
91814
14641
63002
90368
86798
39244
566
20235
2392
77015
5552
17744
46201
42485
46475
31083
98636
11800
10781
75700
98629
8580
96003
87434
2686
22357
1594
23672
39041
18372
34027
50817
26507
89706
13676
16101
58397
60379
91457
5896
82325
44719
79985
11960
98504
60682
54973
45603
7269
95907
97619
64290
86749
6378
47267
41696
30928
902
13691
52553
24354
37631
99256
38422
5893
98129
9339
53048
97106
22827
1113
6716
63737
89785
42216
50974
28804
81913
54154
67173
75193
51297
48561
54334
45703
24632
97103
75529
63246
41867
77335
21094
85524
5647
36105
1747
34536
86183
98690
88890
21675
18574
99125
85483
49434
41730
53320
6168
17789
24756
8442
14090
72955
87771
80262
20196
26946
71150
95665
35232
53067
96359
24531
2453
58891
53060
64709
26421
47941
80363
76529
81150
25556
43502
39516
65264
47035
12935
59193
53052
63977
2619
7101
38003
36157
19655
822
49868
33923
46200
44759
93249
57662
43987
76262
35103
82222
25696
68483
48272
352
51994
87453
57488
95307
22100
84739
18957
42823
53405
3573
53462
61235
53687
26569
3848
57875
74175
51867
89070
41977
4835
31997
84898
59961
47936
92316
2406
47633
620
91711
79493
58513
1070
15770
13205
61298
16543
98376
77403
58565
40380
87125
11093
35159
56738
39129
74920
62011
79623
55337
37506
59476
62461
44501
94719
73587
6703
57004
57979
41229
18869
91244
78764
12641
57798
35752
53682
26862
64554
36858
81494
85161
37068
65754
24678
8532
30931
66351
67763
54534
42988
93028
18452
59804
33146
98136
45432
21667
40360
60016
64128
91202
64788
76931
86010
14297
79350
20824
23197
34363
25973
43090
46383
97604
23407
24635
43091
13197
49602
31289
91433
1427
5157
98208
92974
7130
35031
18425
9634
29504
39318
33550
38806
77557
34431
77089
51413
42144
25177
49177
37950
58443
45886
98253
64568
20789
75265
67932
82453
33967
16298
57086
27814
59681
51450
26890
41307
18209
88404
5406
19488
10980
19560
95245
36620
37747
77299
71999
1867
45876
88805
32069
96934
24619
53115
16838
32932
76214
79351
97881
97800
98676
56849
46935
14962
96175
70577
72406
54567
55049
12791
99604
34899
61779
6670
3490
40395
82958
58168
881
99946
36826
49264
40869
30244
48682
96197
23856
19165
54072
688
93506
83283
91015
9375
37516
81172
43287
34872
98512
63297
81800
64998
5014
72635
78156
20563
43455
84860
35198
2620
65743
74436
26500
80355
55957
23084
41249
8987
15632
46480
76504
17525
80378
79188
59003
56342
79559
92278
2263
43550
61249
80680
94198
80422
91624
14889
14804
91789
9523
8922
69171
12868
79469
29744
2895
75076
15090
24515
52840
90448
37345
68238
33919
15211
65581
2972
8003
56140
5296
29527
19552
21631
21067
79946
47175
50570
35170
40638
91314
11047
94981
45010
5929
45728
9670
8759
21830
6917
41997
98481
99655
63386
40206
46599
88716
83491
48912
39046
12936
25358
83965
93744
78722
34112
72157
35648
26948
85796
54816
23323
48294
7370
69059
67422
46468
11988
91532
39314
96436
32989
58191
94444
93102
83089
20670
22449
35351
54868
87292
42753
61034
42249
45112
75241
19753
2125
17734
3223
88972
52914
21369
71433
89566
55859
77638
44036
61633
23294
98307
71466
37692
90548
89847
78502
76332
28933
60558
84311
43100
9551
99463
34883
41778
87901
46620
64599
58909
12204
72534
44449
4905
95954
18314
47953
31385
55218
37955
51952
87372
10928
98370
8194
34223
95530
53159
81282
24132
82129
88436
19038
55000
83040
2326
69263
84546
99824
68617
86522
13572
7609
66043
95271
47750
35810
17755
1037
26794
92753
68818
93415
62036
34471
74172
28730
41073
61582
51389
91875
46654
31372
23989
62688
51832
84709
21731
40800
70957
86172
92426
23451
28431
48464
84020
13080
90567
6409
75143
86138
12250
3141
18938
78254
16357
58189
56426
15206
61163
2729
67887
45319
86251
95004
58255
42878
71715
64535
17651
19866
16857
63739
20986
34796
91558
33731
18761
54472
33672
37200
91073
38241
68009
1717
60489
16611
97374
17566
29880
76633
10779
82001
92892
87065
97943
81313
41703
63780
38819
26027
76436
73603
2819
98458
65777
17270
25646
49770
66257
11026
76277
55487
12267
86976
62106
97283
18935
28714
64955
16482
84794
48619
32782
8801
64287
56472
88627
1603
10390
7571
64707
86179
17702
70043
69262
25685
64061
11636
84848
24338
40349
13663
7277
21017
21030
67417
52789
27345
24579
37279
68468
28894
62707
6281
49703
25114
80500
62233
63258
73101
55656
67746
59827
78636
2430
29820
3
44051
59734
60905
69898
90684
94384
32438
28753
60787
66103
95880
1766
49236
29513
63074
19325
78832
76248
26973
70894
28501
42411
58353
18181
42556
95422
34480
94979
92816
74581
59563
1689
78730
30151
53045
24234
50729
3754
18906
77807
75682
9164
89953
61861
93509
7497
62645
48920
14206
44996
36430
90118
62693
81779
60344
80574
90866
42490
99697
30837
60009
87229
94870
41897
18509
52143
71453
60743
95802
47524
17093
22261
70414
27849
17288
20657
44538
83578
13400
84412
55997
81830
88077
98752
38875
70449
10542
70427
48552
87213
11069
71431
57910
27205
77928
30745
14500
3144
66923
2167
62146
25199
89871
30660
40242
5851
32738
24619
84833
38375
63894
63606
54228
41526
59985
1649
88546
10288
18749
94926
14206
1233
17864
27461
9498
58877
47681
31643
83981
90312
31067
6885
67231
16708
25603
65368
97910
58996
764
65900
57652
54241
86215
31529
33422
6040
73955
69405
52286
13996
19166
96418
55873
85756
13681
83625
87770
99330
93759
13699
13891
93546
21508
91130
493
32590
80966
58431
83241
95583
21079
25430
98434
18331
93293
65698
49592
69485
37223
95431
34915
76552
31613
39843
7764
26043
24933
66893
54150
75218
46706
87184
90180
32422
28940
13912
79741
16396
18580
57530
60191
6857
50609
41968
12571
68505
88085
88501
78782
73012
72703
22636
32216
4090
9749
12233
26753
13721
54135
46293
60288
34178
9665
37161
683
66511
97558
38696
16234
77937
87211
97278
64368
29032
98926
80439
68632
98518
92315
95038
70522
68832
78187
96235
83832
87
2206
91810
59678
81909
62329
69457
98589
42748
1727
31815
19305
40172
32939
13570
62937
64422
22839
78620
93456
82310
63257
96135
27935
76541
84688
62443
77175
1084
71863
50809
73669
78668
70643
27015
84129
45021
45458
88062
13286
43054
70377
7355
65767
52039
94540
84197
17263
22517
17136
85900
34572
76098
65576
90370
50877
51354
251
73226
94064
62936
8850
2177
14526
4777
4914
24217
65075
70125
25582
8778
71317
56068
96542
67682
88519
91397
83172
22300
73023
38562
25863
14779
90072
60511
19529
67807
37297
53187
36016
97981
47414
8269
53842
39878
52040
25073
25205
57766
90662
36455
30993
7975
76242
40579
79516
88456
90107
65436
68658
98662
51976
78655
90811
99410
95256
80927
97818
93855
96935
40223
30437
20626
34830
18797
5271
8196
95495
58464
8293
33644
63383
13999
3943
70011
36646
83138
36904
71356
92508
59283
38938
1849
2794
71626
3978
89641
57748
21881
23169
75530
10810
2819
85105
19567
11473
54697
77256
4132
72069
84281
4754
54682
92303
16902
73890
47195
51497
89160
51540
53133
19047
72940
10841
52216
78610
55181
91765
72653
26346
42918
28642
80667
80199
86442
8873
67284
82347
13135
14424
71373
80190
62171
42175
35202
75272
2477
44426
10097
5773
35084
17464
73897
77140
37143
94882
7132
71570
36208
83373
8507
52476
95166
90419
74053
32375
66568
2435
73458
65119
21211
79123
22826
17651
37858
61175
13507
75758
41902
83525
56954
28513
2015
54966
93795
88093
32477
65141
7529
75979
40096
40968
58891
90075
7228
33031
72341
20137
67428
33636
67441
56351
86453
15695
81839
79992
5454
58683
99183
47240
54785
50062
46173
55399
50667
69272
48612
30400
808
23647
62550
59261
56152
15143
51982
86818
72863
84646
90091
82197
31991
19863
94065
88881
64003
51917
95648
66220
34602
65240
73322
32352
84901
60302
30405
33501
52028
37539
5667
32399
97107
17067
79411
68496
28447
37616
61335
7716
53432
41110
7631
34785
75342
49252
72138
16536
93066
39944
35138
77152
10635
54607
10243
10382
3092
46276
31967
69812
61531
15835
63319
91239
78967
62883
31841
81292
76699
92859
61925
59420
34234
75484
11203
23437
42529
15304
16373
10290
74940
77220
8423
85688
57226
15981
60915
73422
43379
84249
67164
39698
68350
39403
65888
43952
16461
34017
30144
24719
90577
25081
25518
61335
39715
47282
83919
32655
33608
24909
27527
18528
37460
89292
61281
18350
21425
67735
68692
43464
25335
71061
93442
90634
32791
57345
49022
50145
83132
63390
56940
43715
5076
9709
67392
22060
39346
21141
38710
2307
41055
67591
88284
54211
50554
53644
64837
21006
55898
97663
79480
7586
41185
78665
72259
58002
34553
20523
41143
84247
18031
76577
40159
94272
87692
57565
66576
31756
44754
65189
30040
87554
61921
1212
80582
31080
53064
86595
97316
34296
41943
94438
42753
28554
48532
92881
19579
37992
69671
64713
92343
83055
15773
23382
55250
47502
62010
94667
61698
35375
91965
20352
40932
25556
26691
89796
32651
59250
39610
79598
14827
84665
56488
85568
9100
57647
24926
36675
46319
91766
5183
57454
9990
78456
26353
16727
89334
58165
51136
87447
51670
99158
94676
27862
27838
70834
59474
77921
95100
70091
31050
73902
66225
41808
46104
2820
35255
51465
96405
75243
1022
14029
39946
44998
2054
97320
3809
66094
96392
11123
54800
63326
95349
68401
57465
50195
62772
63318
9463
98946
37626
4220
16228
871
22860
470
29026
371
56102
60660
70319
37471
83027
21401
70195
12969
33752
55105
57183
71503
22004
78236
81423
74389
46284
98722
12282
23481
13760
48964
74359
81329
8235
66613
37266
21525
85169
87191
8323
52900
38423
63906
19095
61601
56990
87088
9379
69141
88016
53963
92060
2061
98693
77499
62154
86778
32777
84533
34203
39285
26333
34256
34615
56100
51503
63598
79310
40733
17452
87938
94286
90170
58959
27554
95748
41470
92624
58241
53987
42772
13194
23427
3106
8037
65753
1118
99494
91303
67899
59329
89784
8325
87574
69229
3161
19307
65603
10231
63822
89333
71691
9549
59906
492
80495
8236
1498
38420
32497
51933
81057
24774
13182
48705
35280
27660
39688
31216
47713
94609
41501
43316
98313
56080
28462
6873
60403
68489
94310
70626
2736
73526
29554
45225
29906
11580
86058
63514
65050
8809
47086
75664
8418
94034
28052
29280
91166
59459
64130
16957
94660
32022
44701
24298
39567
94094
85270
27878
4428
72666
6254
54953
33164
39677
12600
22810
52531
45913
34014
65350
35871
78101
70370
14580
33958
65349
87092
71094
83287
50751
53295
68899
28760
90904
96272
41734
14068
37977
56746
98656
81742
79265
74852
46655
10305
41462
74804
2194
9836
84628
45950
6739
97190
76630
83882
42819
64536
78812
74608
7003
42657
47182
55749
65247
12748
59086
81797
82145
63611
51212
874
16943
22295
59304
95793
49648
75652
44464
2379
10957
33190
35417
51254
8858
32017
54932
51663
46333
81385
53682
18634
11933
10346
74870
54141
69248
75803
69438
20900
62871
27746
21406
79148
33668
10419
53652
86400
77643
80569
6938
39802
11018
14961
7441
10570
51034
69700
49000
43125
11855
44272
44963
65826
90868
66045
49992
43711
11612
79626
24199
9534
79157
69550
68049
9363
65817
3444
54371
3358
68184
42064
59334
60574
26384
56389
60185
7236
41926
58320
32926
36791
88259
75834
50578
81454
79426
63693
17546
58732
16637
53752
72441
83803
16911
16084
84010
31934
56441
31038
10911
6796
3195
7055
98780
32633
52918
75008
34996
37998
92811
50691
1756
38207
58843
82048
60840
60191
89707
74383
26076
37977
62640
96326
7424
4378
25156
61134
22669
42887
94149
26510
87272
99116
28487
88013
43833
82590
61605
58708
67508
25975
28828
36727
68175
97171
66896
37474
7663
17310
77691
91019
44583
32384
65529
94714
9820
641
1767
58917
63860
32079
20721
62731
23068
41558
88649
47043
71601
62944
8531
96255
1965
41203
35373
30510
6925
38762
22169
87964
86751
24956
17876
60685
66621
63454
26437
1386
33776
72502
52442
21050
6952
1253
80994
49270
13788
31966
52621
55189
2040
40360
37292
20692
51737
58934
64695
64009
89273
20591
31342
91163
61817
90794
59649
82737
41545
31117
47733
67898
38932
25972
30192
70113
32320
13630
87752
41307
51689
37194
17775
74317
79007
90852
12316
69256
35744
23736
83833
28389
43122
18215
22858
82189
41769
15873
93901
66864
90925
5610
89349
14755
29866
7942
30360
6091
63820
74430
97283
48120
35956
10371
36915
90386
32359
33576
89506
65714
66026
21469
67688
25668
51026
64305
4674
26344
45358
11772
56904
74415
9948
21695
66223
82353
29701
48355
36390
25186
85130
30052
20650
33489
57911
71670
5181
21931
32805
30054
46728
57645
2945
59829
76983
51475
70003
62474
54978
27642
23542
65410
15188
95627
66804
333
18376
29203
95125
59313
75124
90002
76927
5847
50967
39667
91537
38211
17723
36233
32182
41065
30428
19678
663
58286
84521
12178
9187
59135
69764
43178
21872
22210
1352
94536
282
95317
66006
86603
77010
68054
95533
84465
49060
61157
55244
74558
3226
84408
11581
16463
75868
93869
83421
27268
45140
75984
51025
26503
63175
87773
73436
76966
17649
18242
32349
66025
48502
88757
6472
60298
845
885
61192
87314
26786
91246
51209
13187
65122
26330
66198
9665
28172
34190
40660
66808
17380
27725
93857
52632
60893
41726
93753
1611
32573
5517
42563
49589
73190
65790
36922
88676
65083
76688
15591
56772
55832
62539
14679
30496
38702
80082
92248
82913
99909
70473
54844
76134
7831
55476
86715
2110
30561
44060
349
14649
97330
62736
70380
876
37576
39683
67834
92667
35414
79223
38354
19244
30039
75194
97982
73859
64604
55646
17565
36033
24932
16579
97318
31960
39042
3925
10932
70854
82741
61061
87715
6697
69803
16629
76282
89490
86176
68401
7407
48382
56226
27811
5730
6972
81149
49186
68050
74563
65960
13585
98095
57607
6697
1558
8560
95251
21946
60092
41507
58343
9336
3130
20794
54436
41855
94280
66293
45800
45034
27569
48080
70031
85653
32544
71659
98611
93385
39356
56336
72855
17895
19992
96364
18813
10909
21092
73636
482
17462
16858
88375
84536
11516
77685
35052
86546
70813
88375
24352
50157
86127
10374
55411
63420
46582
19745
85040
31645
64393
76376
89326
66862
43265
35732
46103
57531
83063
60038
32686
41956
96612
11069
65902
46774
53934
78372
47506
29682
40640
11461
21963
29724
22546
29469
95974
97509
82415
76580
42233
86315
57249
60129
2611
60843
9119
69322
99480
40697
93374
10180
94249
4525
80026
9736
59037
35311
37406
46585
70453
40017
16536
68248
93005
66905
96606
5905
88533
30770
94229
15475
46385
93673
53134
42885
58375
1797
31165
31640
6155
76512
17163
44491
42530
75576
39824
84629
93815
62284
32515
72183
73633
93871
29014
78765
46196
62509
86742
93131
18920
1034
83829
95932
8483
11277
16610
17932
9670
95033
2548
66389
10949
2907
33716
84440
32923
99250
94552
59222
45280
86690
17894
67122
80237
34812
22647
45661
29664
60755
72631
41166
25161
50226
40795
37095
30785
14851
2367
32310
4329
71360
57430
69187
43475
9525
86556
22216
41226
84751
54250
66163
74880
81503
59354
85688
27049
64955
75574
59394
23380
99277
61905
24108
60865
97474
78152
72674
62696
68279
64168
35126
16452
78543
15294
67634
60191
7620
47051
72969
84713
77060
25897
53653
26465
96978
31489
87375
78859
80580
4038
80698
84116
36017
60096
43613
81127
40885
6556
10210
80308
1735
60026
17593
67198
516
26773
76642
54244
47958
55938
97268
15047
6252
24192
84108
22462
93923
80637
16642
23938
98805
13143
58191
67796
10202
72492
84354
21059
70259
88099
93383
24734
93731
37369
40864
35688
21357
51448
2042
39975
86460
77590
402
93712
65606
13495
96409
90840
26975
98379
31462
43713
60145
21798
41122
99880
49499
25158
34972
92070
65519
40108
66144
42345
43489
20152
98365
46918
35017
53718
339
7470
9301
11475
2703
90190
87049
4880
97274
93411
90200
98876
97706
28344
37363
49358
35973
34008
68248
47230
48365
67648
38236
26727
26558
40024
81619
94835
96969
17195
32021
43010
91192
23697
13467
28552
91572
8175
42542
11312
56333
50174
42628
63633
33825
63674
60474
33201
18700
94872
22337
73838
47162
41956
37264
49539
55114
12702
56527
69420
35329
47218
73757
2553
90177
24771
15902
39749
11006
379
72957
5886
19422
69421
65153
5804
1408
88239
40212
25175
21992
67984
45868
54463
94377
78658
25155
15030
33467
86932
5994
47579
25372
33330
28771
44864
17526
53787
49520
45725
98214
14966
73625
10853
65504
72029
86952
44037
18177
20774
80798
52013
23141
34053
26346
17042
95022
49412
51298
20284
4117
75354
18881
40695
23764
9958
24328
76875
49142
95650
85604
5226
20637
65989
48448
31652
80007
37201
60133
99738
2328
73502
43426
5704
63950
38151
33346
94194
27979
80777
6005
88565
57646
15839
8446
61332
6714
24174
14180
82063
49401
43311
37478
78109
41497
9776
98822
26601
92230
33611
94487
33023
30042
85515
96116
13832
71602
68900
12644
83008
31732
80254
16239
92019
63392
67590
15723
33702
1559
13624
18065
74048
69127
90415
55076
72293
29242
32365
45148
50534
35847
68222
2393
98415
46975
70842
89661
35709
18354
47152
34148
32152
63618
47866
3734
96656
42876
33386
19410
15456
6942
16200
1855
30674
82633
27688
66819
59822
46302
37715
40595
27277
13494
94751
13898
32704
91600
75939
38685
58818
41404
14004
25570
74110
92921
48334
24061
96174
21746
14097
16709
97287
3419
89591
58060
64359
62131
79398
61046
38036
70548
57922
62619
47078
74402
6937
14395
30380
22794
70582
52418
50927
34228
63192
17332
30984
51632
53116
16763
62504
33309
1806
5059
1267
36569
16124
67203
78147
89811
76196
81380
95100
24151
65335
37624
91903
31180
12690
17725
67281
35395
19564
67978
56275
52609
98431
39369
73771
71716
58667
30064
88852
87599
74374
34593
9220
58609
88449
6392
85005
53832
19742
64498
79585
41201
78953
57190
18414
75313
70861
50800
15294
6107
68987
10589
85643
9411
82872
1058
60313
36488
92797
19102
16988
5801
59529
78946
76703
25329
52661
43237
39418
43312
63036
45498
91416
80956
62003
71419
8309
47075
49313
20823
55888
67750
85193
21560
64538
5650
2147
79211
47245
68388
65312
34379
31191
88783
32684
11116
86810
8096
84631
94965
20731
57420
57692
53847
27704
36082
27060
23401
95057
76416
68502
33722
85815
27445
45772
56182
8131
13428
25932
8332
93829
48661
55960
55988
56726
93607
53285
81112
10543
44112
87938
91203
84475
72772
12594
71196
41175
9148
96301
44507
45015
24813
80927
63041
79804
61646
14356
85014
47241
61774
97917
30037
55841
26853
28212
23300
88763
26846
19504
46167
82737
88633
58783
12234
79028
25667
41289
92199
32765
54555
99978
43615
73657
41587
63599
80536
2937
1653
58180
15615
49847
38745
87856
43735
32781
53071
98121
91323
11813
18905
62255
2019
31737
95081
50325
44118
81446
83817
11752
76059
96685
10436
25754
74978
90061
77004
57925
68749
68644
11625
89886
83509
9444
6979
82035
30090
98683
64540
78221
83540
99490
13794
22492
26974
49945
76662
24371
56522
88848
83946
6894
30552
84574
11651
49413
97982
30061
47383
10789
28087
54465
70286
9669
76250
27107
12970
1921
49228
8153
90032
54057
61469
30340
91972
70448
75358
6040
64402
32310
76687
89985
95366
87242
11558
6677
60651
98310
24288
91954
93801
61595
78613
50276
49232
39080
5379
65042
10802
56248
60647
8816
50238
3497
85257
44910
38673
53644
65309
98157
61146
54856
20204
75107
45968
92183
46172
44623
63241
4436
32368
29543
92609
36989
26265
74478
76367
36617
63264
44112
53103
59205
15839
57198
66647
90579
19479
53905
36435
57298
55300
7384
50639
39479
39856
86294
98041
99841
19013
54410
82967
64291
9636
46529
4183
32034
84625
18627
29621
12349
81616
73815
81822
26229
3166
97687
88537
55091
95013
7322
76769
843
71686
25033
14542
54975
54346
81022
4818
60975
76576
16957
84949
47205
69440
11946
78163
23373
5028
27570
11888
38586
22206
30696
26532
42223
12166
36642
19051
37175
53228
29928
9365
39312
25360
25918
23446
58905
646
27124
18624
50180
36127
65520
6579
64302
38201
19460
2039
89588
70856
902
28959
35710
69789
82118
24966
68217
70921
74845
34741
82246
48873
99693
80995
18006
45052
40488
59957
14205
69553
27632
11028
30949
34764
64109
2303
27123
20145
14703
98842
3151
97499
76462
31740
55394
7129
35870
9292
230
11577
55867
13223
47576
53802
51502
13268
61377
67207
12012
9736
64534
15370
11957
43664
52899
41124
93399
35500
4614
4277
37870
89438
48269
75736
71642
98358
72699
3937
23059
34650
99093
28626
37676
90902
32510
83477
25794
77473
60829
85495
69405
46659
20267
84513
39106
29025
82833
50825
57848
83300
59643
34040
4158
38100
73877
49085
12741
34988
65481
73288
85668
60339
15791
24518
56311
78109
28920
20266
19939
66309
94908
90877
68201
87737
32039
95796
57120
15310
72972
49915
48610
66599
8821
3672
11747
16254
25405
56813
90357
82598
16813
32020
70399
49597
83008
93315
11745
60296
54746
54509
81385
53204
55504
10199
21232
17801
89154
28546
38254
10550
62070
700
85588
99765
53418
59050
71992
80571
41145
95065
11386
42063
68778
10255
43268
4755
72374
35872
48388
59810
91759
86638
2605
45978
83380
76397
36966
45145
4304
96999
57939
94646
94307
43338
34587
3791
60016
32869
81652
38982
23137
17006
40210
26633
15768
34094
55212
64046
53049
41359
2240
84712
7986
35675
90482
6376
20884
50409
76053
19102
64384
98039
62933
89214
70606
49635
27357
74081
41845
60994
39397
42617
89906
56205
67245
34403
76150
53273
3705
42260
71893
7429
30601
9610
79833
25448
74132
40267
16285
44879
61952
36138
4264
8954
43571
1232
6240
80132
11998
51000
82353
55894
4076
69165
59553
87470
68055
30714
12677
48473
96539
37132
37809
826
10626
83111
94320
61977
21025
69044
87757
90799
61793
72731
82924
39247
69403
42860
52580
53342
11740
42013
6181
63550
23186
2819
49928
46506
66161
20014
12866
73035
17688
85631
88301
29774
25955
39683
61682
53997
68741
41533
9654
47626
45079
56919
77093
4191
92869
37493
25604
1941
28070
14754
34110
33353
25562
11382
65988
39118
42167
70117
21687
51889
41315
80309
48528
54052
58762
2821
85285
78167
46288
28137
53642
50197
17060
12810
22771
97958
45630
59345
67730
76806
48613
28449
85690
84954
25143
6375
40268
88268
31513
18369
3224
71402
72232
81729
80692
46468
45290
96163
72291
80916
32066
4712
90320
17673
20247
47298
58982
76864
10183
94500
31876
43822
88946
86732
63227
8877
27536
37659
82941
64068
5815
1967
58617
7842
18696
64914
6430
9845
72563
84915
68476
69464
19964
35263
36480
54099
9012
25440
69281
61737
65551
27856
78712
32229
2739
6860
12918
74974
88750
27450
39389
16007
31287
67534
87420
65122
64353
66728
72563
9425
94565
17765
18115
58231
80789
8410
95189
66335
558
37066
8194
68100
80022
53297
86401
85977
44248
43103
70779
94461
49165
91876
57421
90898
24829
83766
70969
29097
4954
60526
21856
39718
49505
60292
3120
20432
71286
62997
96468
25053
21481
19939
35629
42436
40665
12009
46698
1272
93436
6027
32273
18743
49673
53879
7912
79064
36514
26585
55592
41229
40616
39156
1855
12417
83632
14580
37029
91086
41706
49423
38256
90147
17250
19330
64543
28011
87307
99406
83182
14056
71295
78768
33744
42678
79904
96203
52258
23238
75704
13495
65215
92861
37504
97773
39533
97960
47237
58041
42639
74639
60517
53008
8182
55937
3324
38192
6105
90270
75595
12112
67890
64530
7248
69439
30255
29742
7127
49636
85398
60265
25511
38772
82536
21166
82618
66117
69478
25281
30592
49978
2969
15842
35085
41977
23393
71068
58429
52559
86752
39451
73576
97169
50835
28854
1179
64981
8254
32780
53703
45967
7422
1225
5443
85301
43213
85696
45262
81043
91368
68009
78093
82123
26127
16893
38045
75298
73876
23245
42241
75778
46286
10511
40897
92987
99256
79750
42930
58495
65990
67970
74580
46225
52914
28273
24734
10837
90918
67814
3466
37789
46769
48922
9555
91997
49803
47241
78242
22168
89081
57466
12581
23830
36304
73200
44747
89939
70340
94148
47462
57740
20238
93795
20057
29802
59945
19542
44635
67697
73855
30397
27123
90917
59943
27818
84220
64750
53570
44704
24073
62266
28410
51573
15625
21250
4481
27519
24750
42342
82871
19301
8910
61720
48218
24299
54690
50618
11346
22249
92184
52266
59081
68919
99316
79147
16668
2322
3249
56032
35182
32392
17838
99765
96151
82468
46437
27108
26130
87930
32842
79414
35514
16792
12394
11591
43088
88985
73682
90155
56942
10632
27973
91021
42767
73319
44004
67362
31243
33627
41092
15261
77843
75773
24121
57096
35430
24046
80339
6499
42591
97950
70883
55850
97851
69961
99115
37332
24744
39916
12210
71628
15229
7357
89331
93365
89120
75752
76492
95321
36801
8311
79874
22124
96188
7923
33020
65984
18717
7084
80653
12887
103
60756
5358
2149
64465
89396
12180
8966
51144
26438
4153
38435
10736
87700
9712
34788
48975
18460
14769
43367
39689
2504
86187
34102
67663
31255
40575
98938
32194
61333
38413
2222
64736
44840
32282
31397
48755
40008
65312
11825
15347
22984
12051
96305
61053
83460
89859
17376
68512
2090
35160
17339
73351
55704
68859
27621
29785
57751
54558
45387
44616
14007
56207
77663
91837
23103
40567
7336
54545
46142
73217
56919
29408
39211
52039
58377
43394
24063
83433
14292
65927
3835
7109
39117
62491
21889
94140
67771
51287
57132
20298
37543
51050
43623
7075
48997
34113
82066
62634
88649
64309
57330
29039
77198
21957
14510
72649
51896
18732
28868
70761
13301
82841
82406
81229
9056
1129
17730
64413
30015
39614
94896
98996
62064
84460
62496
33838
43592
72865
34650
98900
97306
5574
44200
93457
18740
56381
95844
98858
48286
2702
43477
91939
60070
62991
60449
48357
50612
93629
74968
17234
48497
8914
48095
96879
60141
9426
87808
84976
24823
18141
66518
96211
745
76258
46468
32366
3265
9741
21781
64586
55815
43316
32148
49150
16182
94571
47727
66880
50238
26898
8300
44299
77966
47480
94881
48
42828
71513
17528
50911
74698
66242
38370
83309
82486
79211
61020
77132
27908
10107
80889
48784
52710
54414
41901
62671
89970
10528
56924
67920
96459
80567
16684
18739
9171
15473
2503
55647
28149
86506
18025
65049
41641
13595
57170
10456
49570
27908
3178
6524
8829
90073
66582
55271
44524
83530
31052
51103
83026
61914
18554
89115
73687
30083
61107
87738
73564
86820
98482
77421
28170
19976
17243
89376
31791
62022
24164
28817
88619
22950
40395
23688
8840
88848
9776
48395
83722
73516
45518
66661
53628
16098
89384
50066
68028
16403
56959
75325
11801
45281
24011
49225
22489
54471
98287
11825
65053
25090
86268
31953
69831
44876
40105
41008
53183
97738
33158
52530
90820
25749
70882
28921
13038
65632
82663
33063
94704
12840
66785
11322
75921
25140
11482
18585
25578
3804
86145
97109
55798
70020
8218
11729
47835
68570
68605
16976
3542
72094
79066
83016
78534
80072
84198
11944
19360
37384
91688
59902
24652
74345
59551
38378
65857
59508
29184
40256
41011
25055
94093
12665
58249
84957
56726
55039
68697
39131
65856
75670
30252
18456
13433
65107
23948
37524
52419
65190
66490
1340
46289
3832
18595
40354
23031
86872
52754
76540
62453
54790
55377
80916
33319
8579
18474
63783
58753
31273
29216
66636
895
93270
15749
38303
98378
53540
48348
61339
96212
44334
91832
38647
75984
19865
4626
81851
73103
7282
73104
14814
2791
38194
12066
27669
80480
86536
96891
89655
529
76450
95323
88718
69760
66991
89418
93228
51510
58959
14241
42814
80051
98186
82790
35440
43181
92127
62354
44583
83195
98017
33190
38047
42111
26395
42392
81288
49771
89256
76624
27866
2832
20754
55048
18579
43998
90356
32201
6053
44114
50164
83703
96011
68402
39436
34500
32770
71099
32537
3044
3890
80644
22983
85013
35799
89719
76456
74182
75920
4255
99044
61448
77632
78739
33821
30293
96427
30632
18
47970
50489
58962
41713
23396
2706
1256
68338
38965
42518
20051
40733
87499
88525
15946
10422
13191
77108
87703
27936
50776
52008
64240
77546
10759
82986
53735
52372
1645
30840
24462
53849
24337
18444
65087
24501
88479
22536
45128
2558
21670
99270
44182
955
71177
20228
61564
43664
2210
46642
10388
75755
53933
57691
88452
38075
58382
93770
71496
5429
62187
11828
38077
64674
96245
6574
51756
78802
97528
61072
90162
64221
29000
46305
90811
32689
44995
6131
90218
68639
13885
54726
53860
66495
22001
86404
9433
57799
68815
30556
81014
60924
18618
7694
77104
41260
42428
20201
91882
51390
60021
45787
24755
43680
99773
21746
49061
82071
18735
93029
22271
98604
73430
32697
5013
62579
93798
60707
23674
46051
82374
54784
12681
24253
78449
23648
15897
30204
14632
82042
62163
43764
34925
89707
11824
99296
24015
99151
5052
32959
36968
23542
73560
32951
30522
59614
56349
72666
36609
20395
8851
79062
81002
27512
57715
92096
24856
82933
1015
71265
92516
7221
89809
87652
59991
60293
45674
6585
26727
81027
43855
84160
82595
82760
23820
64055
919
41087
46070
95055
20332
1856
48142
6728
90440
71940
53666
36523
30082
48699
25663
81572
8198
43770
86617
59424
71706
86268
55033
62755
73232
48274
55034
98063
54714
31406
88570
62364
96177
7369
28474
64484
11090
81406
60232
74388
43665
81966
77597
24550
93229
15704
69259
72456
94467
38235
14587
84357
62977
35331
13791
54834
82609
82930
33503
50246
13391
62899
18546
64881
4178
58586
21646
55792
56384
51184
57364
45078
18291
9733
36317
84248
99487
49655
21272
59715
87216
12573
29630
28620
41835
76003
59012
58156
42477
88762
52368
40000
47832
75094
27486
50256
72458
14048
27806
35906
10216
74881
82914
29471
84747
37490
65963
97112
10667
83821
96797
54979
3861
51841
7698
26080
48027
66494
92311
88654
59116
31899
77465
88159
71114
25601
34184
71945
49215
65957
63925
28832
41073
17729
86010
28856
90064
50516
54062
13171
10201
94354
44612
24939
87558
75300
5556
89420
53762
73623
41991
76913
81319
85724
47351
61313
49140
12403
67034
57083
36171
36186
9287
85033
24585
64287
36051
14835
84786
46472
61179
25782
79943
87144
61177
30277
50304
24741
26467
82406
58777
65875
20482
40727
28786
61318
33889
29818
45435
51148
55915
62833
18769
52892
60435
18048
25693
50908
79093
63517
35869
70402
55676
27147
11326
47892
91159
75022
26301
19030
35631
36274
46842
91449
59989
46758
56711
64790
74452
35450
83431
95699
24689
14428
86840
6202
26812
73616
29599
33230
45747
91997
51731
27992
25939
18302
77609
47953
97565
84837
2171
50024
16637
28750
42763
33138
65573
25830
34931
88509
13878
59058
27940
56814
77686
18058
76359
93146
57468
31767
77190
97386
72071
92865
27273
36021
40669
53075
54809
95032
87700
14157
95321
86860
40119
57495
45003
25445
93500
21984
95211
84362
95091
87962
75317
16263
43023
39970
27429
38647
54184
48949
26971
31088
47126
35384
15780
63518
16293
55990
58330
89636
49234
28097
29552
31442
79892
69908
1163
61890
96846
69953
3682
20653
1756
87005
35473
91029
73591
54871
21847
12358
37465
99984
88455
38754
61412
23559
75923
47150
37686
74060
41516
49417
30551
75383
82848
73638
57565
2865
56793
96131
49266
91275
77671
30881
30474
89182
7323
70356
70743
96835
83562
36372
51042
1361
87513
6867
11116
32508
57542
25452
67294
34788
94903
52029
15641
78778
71037
32215
54517
58644
38335
34469
84248
54610
35767
49462
79363
46224
54128
37006
22135
690
38076
33630
40290
80913
59007
70413
81559
11739
55346
10333
15559
69762
81849
98974
97228
82844
48349
6619
61444
79072
67664
48045
95267
72085
72835
98299
79284
20332
72226
74742
21935
69239
63032
53196
84939
4608
72725
37071
27785
29152
59760
39302
86607
54504
23390
68696
80138
52076
58324
99555
79996
15025
71942
12772
26710
54134
4436
84716
22244
55599
79350
20238
50894
34723
28726
70310
59141
19220
29172
41058
26305
30386
75282
63502
81494
50851
71702
17216
96627
80739
39918
68571
28878
36002
23123
11319
97037
25976
28809
46964
67383
24339
53960
1376
49450
97886
69481
35300
30970
46871
2374
48658
48625
20203
63151
68257
14576
78451
52222
33121
21987
34173
20954
25948
59599
53491
69584
31113
75100
69652
94579
94357
80852
93268
20462
8462
24288
48934
49783
25074
59103
45140
71657
91807
9950
60280
57974
59990
73734
38759
73121
39215
74379
1585
26162
83037
78031
68361
1565
89664
69959
92394
5997
46120
43501
48
3748
66492
79281
1452
39930
12350
52178
25593
74953
5726
86202
75699
35905
15193
65674
47228
87631
5464
92326
25957
40812
32715
65945
92822
66392
62159
74325
7611
62759
50485
58202
75838
43368
7027
64582
59496
61180
34693
91608
43492
99535
85375
84141
47276
23388
69779
277
60619
3281
33454
90409
93493
4286
24463
98769
54985
33499
31290
7663
93935
33318
72643
75410
65703
55104
59772
32760
40214
71329
30995
41749
40586
47725
52961
67619
89554
20062
3327
20791
82307
46701
63526
93822
46544
69337
57003
97217
36413
70643
32411
75951
40370
55599
18741
19621
56208
17695
56064
44289
35692
5097
73913
89753
72366
55205
61334
79482
46478
75972
31405
48734
23171
55997
56928
20556
41485
75826
57223
65247
96426
23991
66008
76563
85305
75549
99703
5095
19964
60331
59009
12924
25906
3397
91018
98411
75695
49532
54711
54181
84973
93518
58645
39306
36205
86298
32401
12676
24355
17312
23259
59397
16578
25750
78169
44278
87079
72520
65581
19591
12092
58466
93451
92188
31369
92381
65461
61478
83467
32136
52330
10484
67826
17374
66090
76694
34860
8020
98946
84954
25412
54671
66889
40608
35987
18173
89886
91002
48164
62149
16783
53087
67336
63489
37245
6712
4003
29899
94904
79471
58896
21628
63240
62429
18993
31132
29438
89252
57105
9393
72532
86744
83314
41795
2560
34772
35681
16669
2281
7006
33578
87791
50422
97339
99262
69038
6980
14149
64215
75973
46329
54733
92959
33475
5044
79870
34738
88389
61922
79744
69264
14145
37086
94125
22201
47212
34816
52887
9180
93579
4517
8213
90397
869
22351
15741
45538
73075
14546
81505
58790
99652
60301
79325
98323
85870
35763
90913
23472
89000
33639
66529
20998
82748
58202
41437
45877
28159
25282
82450
39979
48060
25568
12190
73110
81847
85111
79222
73367
51317
597
14700
91420
11837
92402
3783
51504
2838
35360
67124
22669
52239
49481
68917
10727
13584
17687
58290
14557
14563
2708
80815
77815
26810
36916
72904
96230
8562
4557
29625
99512
58069
12983
490
66878
98024
89692
62930
6006
43149
44811
71869
83887
82376
59901
27848
93120
95658
37444
48510
11821
60176
67681
81822
19275
67713
11353
93716
7855
98313
84338
84378
24506
92628
36844
51400
87362
93643
38277
81996
9911
46889
99003
29570
30311
5261
34469
78101
59506
48446
85086
49482
62307
15772
2533
28691
20022
13198
85299
53619
66884
15562
98894
43596
85872
46815
65681
97028
87116
63129
25768
33370
40933
10251
3750
37102
3341
273
81164
19071
5209
40866
30904
65979
35144
49295
16313
47080
70797
26671
34890
37971
39608
76433
14279
51423
35992
54443
63647
79220
1045
44859
39039
52555
63750
21960
89327
31462
90233
64960
72488
384
64636
91508
12055
70966
92142
92560
53740
42584
26851
23444
615
86348
18978
37138
98939
80544
9847
48493
98031
7445
37982
89445
57893
767
41914
12797
84547
51676
41601
83684
73177
14997
91886
18978
95288
20979
23777
22876
50640
83027
55811
90947
79156
8822
64075
71912
3873
48730
91198
73488
66556
63879
60148
1620
22714
2750
24974
74656
80046
93230
35862
60575
97091
68805
97827
33531
89563
51346
46242
81879
24047
620
62278
97874
57971
40935
36871
34045
9551
74716
50471
16988
64448
32884
46629
19182
29993
37998
49493
11080
67538
11184
15035
6697
79879
99066
94553
9348
57947
54043
5206
39653
4730
12618
49566
71875
53880
78258
21198
17124
8147
7594
80976
64307
35393
28162
99917
88362
2202
79402
19489
48519
8975
30714
68292
64723
55202
46875
5135
18477
43542
16373
57065
81527
49732
85350
5880
79304
11325
93669
77591
46280
52728
83471
474
28446
65655
98260
85739
57190
22956
90290
47679
86729
7681
82592
34172
77163
79147
12317
35825
55615
46919
58603
51667
89183
64913
71542
22641
29418
6375
97448
77925
28606
92718
72480
42313
32120
96119
65162
54546
3023
4768
15144
53015
68760
10159
86969
57087
86746
75708
31241
16240
44114
28527
95807
23645
26933
92385
50368
20432
40009
66811
59955
95589
23776
35863
68328
15886
47804
3491
58674
87609
74244
91003
66909
15055
76682
11548
30350
14378
64856
27652
12288
9866
76038
54129
14909
532
79046
4231
97785
13885
33345
51386
54588
92527
67267
71484
77879
44634
57989
76892
9091
8736
82287
83288
15362
52642
61412
22639
7666
43926
67563
99259
82299
19004
29622
82202
39391
31037
30579
80884
4287
81234
99292
96359
18738
75587
67500
97840
7551
89891
57553
99055
52754
668
77973
77293
96680
8429
3224
62619
95884
78817
75341
65334
27110
89938
38610
2569
60920
2623
89117
5385
19897
87521
6358
40575
34648
90929
35593
3857
60769
18274
29616
43546
54769
89076
96173
6196
46941
10304
89101
56259
67934
97823
42389
13671
28276
1831
40111
66658
88724
33329
97516
49800
82694
20353
27435
48678
32244
70699
28841
32771
45208
54708
95814
27986
7150
83441
84252
95412
48432
97648
47886
78609
64678
27775
34595
7209
97665
28864
73216
43862
18721
70875
10858
24031
16545
90714
40908
24954
26020
19561
87402
73174
909
46109
78285
80295
83433
15056
24256
85497
22329
12013
64669
1669
84922
50291
34474
47553
27240
74545
37498
98470
77313
36900
96067
40821
84253
40191
81835
99646
69614
84484
59952
99998
50763
64503
21920
22867
39201
34728
5337
86739
22988
44684
50306
30007
14150
99199
13347
80539
15987
90040
45784
57014
8592
83580
69811
42493
77365
11750
36462
59468
74435
33198
14257
92437
69054
90819
35027
1112
86714
38364
73812
49706
18258
52507
40301
20979
80567
72500
25695
95299
24176
59407
85900
3150
90050
50779
507
41667
99974
7915
60468
4370
11710
18045
89952
87414
84559
92275
44219
67360
59672
46872
9848
91638
13655
50392
25437
15116
29739
45615
17510
33070
54878
72418
72608
72662
60925
23710
70773
65488
9637
96628
55514
39012
6852
76839
1792
43131
68551
40688
37242
4866
40129
42330
57458
81269
24087
61394
92828
28453
82549
36918
60651
56751
5982
31814
14183
17056
14331
37211
93116
60965
32826
59605
89401
64498
50439
45739
90749
41492
11413
83904
38729
81482
49753
64134
7735
75487
14267
48546
33403
86692
55086
70390
78677
76215
82834
57913
83766
28107
99764
91243
23903
28550
50577
4860
72628
57269
95981
63285
68799
80613
61713
52050
55754
82757
17177
70496
95246
92571
24429
34299
16469
36882
8320
29267
87957
95175
7959
55125
29335
80294
70565
32481
8290
83840
88699
97427
76833
24163
15207
32841
89464
48003
85310
36332
23359
75197
67717
65200
51006
48860
32220
47895
58765
59099
51650
63398
81453
34172
23814
22442
81763
59941
85434
23090
37413
74856
95506
16458
3585
18458
82107
54981
77454
25632
85057
66939
37058
15749
78519
13607
67134
55444
12994
10674
83129
4607
12407
14271
67014
97110
67432
72354
61361
67248
43725
84411
39383
17962
77562
91121
57074
69941
24739
28063
23112
784
29882
96168
58960
17662
30702
51314
13563
13897
58630
12940
41105
25702
26886
79766
93380
76629
78001
12414
35973
15349
2343
88668
85788
62775
84070
92041
10834
34188
51023
73539
37649
63030
80143
39775
81191
29241
57568
81262
31785
30428
5340
96562
76688
77604
56485
88846
11859
7610
34973
48541
79777
5693
79323
77336
71757
31997
34733
12229
19831
97720
53100
82214
63195
65248
78133
50369
82003
93257
30957
25115
57687
13706
77001
28454
21680
54475
51622
38785
34229
97244
67843
27615
59870
45862
39150
54930
32041
38193
27975
28170
99127
29067
58334
81927
81973
7422
69098
64719
28888
73508
15292
34372
9237
97667
18466
25767
43900
96727
68075
46377
87634
52187
70456
84788
27210
91836
77698
32839
34870
2011
11653
33749
33282
76774
26603
13505
45247
18425
69276
97223
70318
26238
28931
46805
65652
99519
69203
57174
35988
82571
13060
1404
70583
56083
13040
82243
64626
68515
80784
89763
3727
97984
55733
19682
41129
75796
43594
46484
15475
52657
62365
12155
42169
78592
61302
84610
5656
88600
40589
59838
69902
22332
45409
59588
38401
77375
73993
99295
8453
74412
89857
524
21490
79955
28939
14382
73107
55530
68004
56519
53403
14671
88716
14130
41857
32723
131
40865
13486
71270
22080
2242
82413
9950
86934
94649
32391
737
58127
91277
2787
38996
97547
15133
70226
910
4909
89216
22208
79216
94937
25821
41263
4139
94855
25140
45269
79218
36185
88436
7334
76712
52753
37874
21339
11230
66903
55709
19365
21091
29649
50250
89208
27069
707
95169
45199
77818
16205
49443
68173
35413
38041
86220
56795
88018
85607
92281
83308
39620
87369
37458
71074
37869
74941
62335
16888
51214
15158
45346
49163
10619
8910
75971
87502
88246
72697
17044
17025
85901
63722
43135
20589
36509
53517
55852
4056
24392
85206
15755
46380
13419
29625
82501
86637
14759
74089
52873
11325
62197
21164
3392
48024
14380
38319
95882
26391
38816
36426
37784
68446
29986
78528
42768
19
62219
23166
49871
44508
92435
24935
61896
74921
58261
31206
45739
13558
21900
3474
89000
27990
41722
81586
22600
58888
54256
60754
55704
58703
61235
15543
4091
73777
34729
58584
12815
73380
94111
19403
42594
10261
22544
51215
83224
41107
90841
35159
89734
12423
72046
67977
61601
64791
81271
41538
66018
49023
47108
95637
74641
28543
38423
29681
87650
89351
60630
85049
95796
9146
95256
92940
90349
69577
73199
67587
99331
89448
95230
80565
66268
21900
4533
98461
96876
73253
62618
28294
81926
21366
51188
6481
78111
9284
93185
83446
25999
26664
45179
22947
91844
91186
40618
71861
99504
75185
62361
63430
15631
60103
69397
48320
94026
77819
91680
96289
48950
52643
61386
61281
16870
60801
60979
29459
1621
72549
90795
34845
9817
25351
23304
59601
30690
65340
30952
78882
97767
42527
76409
66772
1487
40041
14771
9492
79780
94816
75824
91567
2845
90900
95607
44469
61098
42057
62775
7601
34647
82066
89091
43328
16759
95798
62904
34759
36308
51677
71525
3003
11136
81077
5400
44583
77180
70596
32407
51559
97803
21291
24044
72702
445
63685
98645
96394
55325
69671
41180
59973
88251
12094
58436
75173
9498
35648
64229
8572
7700
19910
23878
32216
62594
55140
23347
61685
1659
93351
59972
18207
34008
56825
43219
65225
13936
32313
5239
82472
82111
93651
27986
15191
9046
22261
39280
22987
54579
76367
23766
26048
94212
29057
65798
91148
69548
4101
94535
91095
9456
95028
28431
30090
37945
61120
24193
84054
79176
96650
75525
56575
73631
17264
72950
83001
80300
20836
44069
43
51191
13425
27583
32267
24242
5906
97242
8144
83337
16188
63814
72174
46213
42954
36166
21927
47757
53708
19984
69337
72235
55365
66451
74460
16229
12860
43638
18135
22039
26856
28377
94145
79243
43359
23581
77259
12790
99083
94955
62174
15194
86956
91270
46863
3914
6989
24000
86196
53902
17525
71922
87404
55512
24045
20652
93791
45610
99998
84976
6848
57185
58542
84680
13603
34782
11303
95853
23171
52712
47395
14933
70336
85289
79513
31142
2574
58618
94212
92602
64711
48768
35444
27618
81435
45592
66815
23610
28307
96460
92505
10563
18106
21649
54154
42014
52719
55623
40237
53528
32959
48992
85058
55561
69565
75250
16559
88919
21117
26486
36341
64142
66525
90586
11595
51042
2400
98475
52317
66795
283
19736
39015
32417
24926
40839
80379
73581
22716
47783
88187
14351
446
3046
35781
24312
33810
87437
89450
3865
37422
85324
31473
93251
44829
31882
36163
27510
55536
82614
88427
1429
29414
20019
8169
3941
67714
8513
9111
85521
5576
77655
10281
4848
49929
10133
36836
35546
98992
47243
38706
11706
53455
973
83934
94159
29091
17562
77065
75912
5557
89410
54486
91020
88053
90992
13963
17694
46088
87736
45742
15205
46502
65674
60865
59564
41524
69062
83182
6209
9924
76283
1337
32418
74472
27989
70582
28473
93729
76815
40344
95771
10346
11361
5578
47354
16516
64351
90965
14883
247
94454
76123
47678
62555
16414
28022
94545
62334
13189
82097
62932
93044
65622
62613
49439
11490
9295
27504
55714
1777
616
61600
26926
85910
66083
94318
95235
62566
96493
7988
32024
58214
24559
38605
11238
74917
78144
68410
26423
88342
65450
5925
2056
267
6091
31237
33207
71366
75112
38023
48098
13376
12783
65831
83882
2076
90164
97418
28465
97588
74042
35527
6598
42938
7530
31104
14091
74571
57808
3866
94977
97844
49489
6155
23398
61290
36528
25784
81909
70864
38600
80458
42159
45510
65569
78476
46680
36102
29669
95596
66520
42962
43809
95792
53592
19040
87307
60801
30950
29125
57531
11798
14675
37503
65006
81599
28497
80275
87137
35178
16983
67563
2296
46860
57080
40199
84507
34145
41651
89971
80144
37909
79125
65387
88930
64697
1894
90123
61580
80377
23280
6785
25549
32799
81655
28703
37310
58652
27254
7616
82025
58863
84712
52704
85285
83565
13468
80025
68320
45968
53505
68769
61738
98248
32550
86410
35102
41976
7437
71666
54341
15689
70081
27597
57598
63893
83738
5715
68915
69490
15809
49600
52661
37535
5789
8853
72806
39603
41772
36102
46493
90403
62497
48254
27739
56112
52877
32815
45363
61474
59648
30859
25958
38123
81284
77489
27526
42563
2958
29071
31425
59086
12936
36919
78859
68704
15764
4339
1305
43424
70604
75392
59111
93357
28684
54649
93173
92779
54330
41915
3129
15577
12261
74362
43954
48686
63597
76178
42113
14382
44352
89978
69300
16477
29492
81059
60229
39593
21714
93518
59099
30353
91305
29400
16214
25343
88058
5928
29226
17704
88783
26536
39742
80025
53880
93436
63619
20098
23357
61630
52652
88323
6017
12307
11594
34486
33080
56673
37438
45273
88727
96778
57121
49426
27917
84383
71829
20478
61048
44039
39394
18618
49403
94437
72912
63103
27552
70757
41739
91842
35018
99672
18022
18836
78641
22762
6458
66680
5250
21191
57577
68033
62415
74009
35787
27081
86532
14132
83266
2796
48553
30959
40811
45396
5966
16190
83160
89170
97836
45846
44374
79632
23291
81940
69894
23774
94914
37590
23916
45016
52778
63396
67903
79289
54459
17646
62233
34353
33978
33765
3597
65306
93007
32264
61324
92694
11355
44146
90274
25939
43919
3263
30540
4685
86819
32755
49964
27067
61907
88003
23908
70694
8690
31190
71458
21361
77897
65389
40080
65590
70228
11778
45441
11817
7741
6521
87570
40424
41053
47369
43481
70823
69896
86017
18356
81694
88654
33019
17517
19491
67597
90141
19637
68765
44985
35623
91344
64507
53673
73102
95991
90822
17811
73382
56594
57999
97463
45458
28615
97275
25090
34664
58611
12607
58967
22052
61943
44103
67297
25400
92853
40033
1879
29891
39649
2827
79403
66618
78472
82694
21366
13866
38811
89174
74054
87866
54169
89377
11684
38050
22039
34237
68314
15549
87200
48627
76707
55549
63651
63000
84366
51436
28891
42324
9264
23279
62272
63134
72435
19055
70364
75502
52718
58063
63643
37660
11561
62623
73129
63570
51386
99277
20864
75730
28572
11776
60349
83175
8467
98422
89688
57871
80887
55295
89403
18352
32340
53000
88902
16846
76432
76558
78250
47428
59798
384
66001
13034
69884
96004
66934
24675
63728
13058
15919
19988
57593
37566
55533
81151
68610
15283
74943
88757
71650
89888
37743
55110
19145
95269
64416
15502
96772
8904
8433
17885
94612
2697
23233
15881
78368
84481
52748
71785
48244
57720
44899
44867
19282
5579
73396
47023
28467
89305
53887
19639
9425
72567
84239
50038
82737
9901
85912
62549
66659
83371
28250
48592
60454
27228
88862
61596
47961
64782
47571
52667
97247
59482
58394
50757
67735
36455
59485
53931
75027
95849
59551
13389
67220
69625
92099
38122
12119
88719
68028
16099
77252
68583
58822
69277
52879
45468
72142
66757
79627
51380
86183
94339
12823
70867
27383
1669
51769
25595
84433
61196
6326
98203
15035
47340
8476
14859
10913
53399
77337
35547
237
85029
13052
364
37353
11844
29152
81353
50700
12630
86753
13423
48534
40652
43085
76839
53578
70674
38811
90157
16
54574
25386
16042
93574
23345
5173
87724
79671
46600
19580
95902
8258
88514
35285
44892
43542
53936
35160
23618
81679
4333
56348
72726
52073
36101
89378
89940
53493
94443
38719
38130
37294
37277
23184
10641
1076
89261
62324
70058
26137
63397
83190
49758
72648
80470
11309
47196
27024
53710
12608
36976
50103
99308
79608
42464
54338
69276
76675
47329
53443
76008
96984
15985
8043
55632
7582
68167
23149
29694
48037
47991
56164
87043
23358
69010
53181
80515
56422
9563
87721
18147
81380
5435
57624
28318
72026
78851
19005
93620
52981
14933
41434
44032
47613
67599
93168
72514
34927
63190
17524
14604
69568
11337
80621
57239
7199
83109
10191
68056
75249
88206
51879
5477
40371
20133
93050
62029
70865
81147
3523
17044
55668
27794
65054
50737
17815
8738
58420
98736
87161
75308
19825
98461
23125
37828
73592
63325
62527
94366
44486
6325
70801
10020
4663
83994
74228
29404
9491
58797
51728
88628
24355
60143
15153
9180
47384
86229
69460
24709
37837
98242
59043
32733
76200
40847
19883
44056
65378
49300
39542
44797
3366
47520
43120
85965
98376
8164
64748
98417
4742
4863
34065
28595
19752
67169
9709
98086
34511
74222
57968
78625
74084
47289
27519
54707
29844
35044
52967
63778
70798
24898
58676
10491
31794
82169
27631
41064
62136
24663
23069
66806
65571
51298
7842
99688
44627
21951
97003
63911
98919
17369
6805
7020
55964
13386
5814
60077
86488
5142
86222
1824
98795
70799
79435
22596
46037
98345
61954
66758
5029
72737
43007
48243
80611
99432
25724
89981
20091
11958
42158
65005
83813
16545
81295
15341
2284
65284
72370
74289
1074
33728
79007
34829
33193
27722
3214
96483
84420
43567
66278
44146
84726
18425
4397
94389
42577
50505
45230
88019
66760
37356
42290
31941
85455
72283
95632
1548
51419
18217
25161
47980
47136
19459
44434
74049
87116
17539
67007
92618
90157
20817
7151
38279
17245
96573
40038
575
64015
22762
32445
90849
84693
28561
56641
79312
55133
63251
12546
44747
1694
73147
93337
74998
17946
35692
80597
14682
92898
26626
15717
13981
98514
36685
10109
24745
87619
52274
58503
61514
80307
77768
51015
82786
77857
86559
94845
2412
60783
80237
19584
5133
91361
6346
70054
17621
50783
90881
54108
16148
36545
2121
8243
21588
87215
87171
8100
14388
85483
63489
78937
97216
46602
35349
29744
40965
87399
20991
44135
5865
20439
38643
27637
9081
20328
71379
10724
707
31170
2602
52968
9140
38780
87572
39502
6935
65009
64508
66907
45625
64199
74244
70227
3187
87551
65493
64149
97998
56484
16963
43622
94676
6189
3711
15321
66681
18718
78668
62259
61311
28288
40132
58471
69190
46113
61795
64785
78910
35985
89708
97116
35033
47790
393
9713
31337
21777
61481
81501
54690
77056
74601
25231
52191
80376
58392
29952
13557
96269
30718
14924
11134
898
74739
13166
31232
89087
35
77175
99964
58253
54702
93295
68714
44012
79414
88464
77739
73372
48022
63833
61060
91351
52103
44172
23559
33777
27095
78033
44138
62455
90050
14997
11842
34796
57422
19107
93769
50135
51264
54373
52888
87515
8727
4602
12961
3105
61973
18503
95436
6034
31051
61233
91719
46318
68300
63397
48363
11567
62871
13323
64075
51558
77251
86946
2628
25533
8134
19990
39825
23996
99367
70218
36116
76697
41648
70113
21956
10038
38979
21747
152
65389
79850
54489
29462
15504
3457
40506
58767
68037
89586
35231
73261
93931
77568
54560
30108
39100
8498
80868
22100
49381
22742
77806
87923
43029
89199
58436
58537
35158
89753
50095
5264
49816
26127
99592
72976
61378
99549
10845
21281
34984
70560
87307
7632
9277
9219
17680
10618
23415
16403
27669
63282
9604
6242
10841
82422
63509
12665
64538
98546
47414
64105
73714
57478
5070
5562
15137
79023
76969
75380
30187
37491
92399
73981
83682
15599
73109
25964
8513
30971
47485
63689
38417
4583
39522
39064
8329
30921
14295
33704
50478
76829
4178
77254
84458
51458
65423
62828
95175
63987
71859
64233
34974
1423
80786
94908
122
75835
39229
70474
58274
37943
56916
17439
14578
1893
74883
67986
9010
10480
49227
32779
33567
4925
78643
14940
99936
1743
67895
49716
78599
3118
60883
40037
27598
2930
36688
78623
24289
7847
25690
15877
18749
85709
54551
46149
12578
34928
64424
72667
63528
7765
32128
61950
27283
26409
63708
42211
99807
56648
47554
32741
49065
79440
95191
41714
90312
3984
43051
25105
9039
75583
77316
80198
80742
64750
92137
39439
68187
43626
73304
3339
65178
73465
55716
67764
27236
50673
13349
42210
59219
27522
15320
51797
96696
39871
8709
40972
61721
52771
25993
16461
14095
58414
58916
14094
74482
99630
17512
9837
94414
3136
76948
31595
92161
19988
47766
90096
62831
48644
91835
63516
34152
61441
63732
22941
51081
14382
43991
77380
37466
31170
39599
94079
96438
66270
28981
56903
39706
95044
26748
17958
77436
70337
66031
30320
46467
43760
72073
59703
89739
30503
47063
27910
70375
8955
87576
58668
93230
19181
85776
69941
13925
49859
37002
12217
20827
5563
49665
96110
54711
35732
60577
17319
33626
60609
99482
37433
95282
59694
41263
83232
50838
42342
76059
67507
48706
63286
47181
66675
90984
17395
78469
41675
29961
71953
49146
71768
31909
30716
10337
80691
27243
10024
70239
83969
46006
47394
75092
25474
22777
77845
52492
59299
20450
5490
2075
47074
35949
50352
42116
84060
80644
40184
54925
91816
70027
83830
39395
86229
85277
30653
1412
93027
23480
74948
79024
57713
29061
11276
72374
67624
7880
70218
31878
98063
37906
40604
1748
42573
11846
56283
60634
53956
77863
88114
98132
54018
17285
28345
12986
18339
33914
11674
96743
11670
29186
94800
36341
14572
25029
56616
92900
81412
89799
54154
17462
21898
2256
30823
50371
46940
42297
83080
92334
70544
27463
94407
48273
30352
46917
64684
85083
46304
46350
92449
5675
76064
97631
1296
93966
40417
18656
19766
54004
28571
91301
8868
89877
56304
51978
59923
44090
47541
40090
83374
36130
38491
66399
64248
43036
22316
39979
13711
83648
60875
34420
2596
54136
88985
82191
99617
25022
88350
29360
57911
93118
64367
32818
76705
55920
12833
91282
33877
39644
29318
13778
39717
20008
99004
24837
9336
87102
93318
13182
17836
45631
44790
4407
28999
34986
71762
29946
82911
73029
85400
73817
90197
31688
18836
18823
36094
74598
35019
10243
98381
6394
11297
6912
53231
97535
66693
19969
13188
32273
14397
2844
62230
82462
62474
64043
36975
17991
47875
31583
51156
35816
66618
26983
8910
77217
51380
45019
24013
67891
60981
35394
57452
37058
3562
38517
87142
85764
94814
96846
7831
25514
55917
76742
49827
97315
63795
40248
89263
75267
42843
16656
89808
61012
22545
43603
5778
84847
66605
71563
60613
10061
42270
10978
51165
59503
86222
93923
42360
95905
33284
82531
80111
88303
61380
40525
15568
38362
19529
26573
95189
65302
80306
68265
78732
64739
97580
68665
99025
81546
53166
15026
72229
95012
49504
40819
48160
4220
31981
69588
70626
64874
12240
70686
84985
58956
34593
64395
61451
65239
2997
30213
80962
82726
39113
75005
28830
42164
98119
28966
47843
93662
25997
3413
59383
69447
97477
80790
67546
87859
49166
95446
86103
8818
48290
40716
77593
34136
86433
83568
50347
50043
24121
23642
2485
76328
60311
7181
64499
60692
93751
61622
39829
12057
13563
35658
50052
20078
45139
52039
77083
90377
87406
65885
40505
35775
87507
82742
48616
12888
78553
89065
43178
22061
28320
26713
68994
39258
64192
23348
72045
79313
16524
79814
24940
76188
91037
91100
4436
44627
45388
49772
79620
6874
26536
29156
49242
98953
78134
28510
67188
26548
56708
32873
83050
53581
69686
77707
85837
18825
57722
61990
90347
25095
75492
89529
74238
48431
71569
28109
53988
14772
3687
57544
56043
83029
42012
25348
78518
58539
69976
46542
78569
69999
11984
99520
36128
17763
27832
37428
34002
95425
58204
46915
50398
81719
92606
3413
6981
60301
51029
52167
85697
46390
47199
25348
57354
18006
52368
54792
18870
73078
55665
60389
43337
62063
48740
63601
42011
73725
79166
56161
54229
71432
34491
3801
69015
83068
27079
72364
18920
67880
3016
62187
29361
87908
29516
22723
41456
82114
56416
75201
96367
15272
69097
94553
64249
14017
98398
66469
20720
4465
2321
70099
96353
16674
14419
54472
51307
85369
94284
20212
87473
854
81503
84127
27307
73667
6908
74217
95843
48437
70363
38021
6382
78489
86019
10612
93189
47840
45956
23812
18261
51344
51756
17565
78107
16545
69613
10766
66876
54335
37671
19106
68795
14729
82179
82856
30167
83492
99792
5227
93218
40306
32626
40365
17161
98885
39142
52516
31972
89835
31121
43085
10571
50213
88422
26882
23607
81837
4638
33212
50125
57719
1027
71397
71009
48574
11360
17842
33866
35968
216
50996
91739
79183
41285
49422
9982
30853
28502
32779
90867
60851
45327
52649
28922
8024
15546
2298
27346
45481
73813
50236
27072
68778
32648
88495
56344
4372
71387
95614
68748
8312
29625
49569
29071
7291
78475
18575
96144
62406
71720
35062
54965
73280
16920
48819
56177
84475
99750
25570
2242
86653
58648
41992
20371
65839
72642
2975
64889
28445
27399
79965
72918
22431
53178
75931
32354
87016
57126
63962
79194
16620
17637
86929
8393
48457
25693
5746
2879
40389
29268
16406
3303
34311
59195
40691
67090
91076
42412
58690
79631
18287
19489
43746
4310
67531
61224
5084
10440
11748
90614
20260
25362
26923
7874
72609
14950
22255
48526
77196
87478
21017
86428
22433
93239
35380
75654
25558
42245
13712
9545
35064
17626
36442
63358
67232
1423
83225
84031
56318
70052
87720
25022
2532
50967
10640
39889
2489
38407
21234
65788
54489
56921
89705
22750
85352
27425
7017
65125
35060
33497
91220
36421
20480
12162
69527
67240
53384
69957
98225
9578
11771
93589
42588
34347
70833
74672
30236
67189
75110
4469
65622
18618
21894
43087
73734
99269
53556
76063
79381
70265
48474
60455
7713
17327
686
28720
84356
23164
68917
863
66293
41103
91800
90789
84186
54471
32858
52760
37914
54812
89843
37329
28555
30561
75100
23996
92859
4899
6845
69798
71670
15837
29231
731
39508
65117
5171
99524
39167
29972
74428
93581
1780
64480
1287
55115
17498
76843
87341
24434
80948
6020
14181
75305
51824
69040
71536
4079
57132
22381
63343
97073
44684
76856
20538
77359
57060
36722
2709
54329
33817
39766
60315
48006
75556
59546
55803
37992
62903
75185
30949
195
65531
70038
16647
92374
20953
52080
937
73595
59971
37122
38717
3930
9439
98360
60222
45795
63567
59442
50989
70713
10992
7950
58564
34339
19814
3479
37621
81169
2156
51322
12200
95483
48495
72830
13794
14352
95545
46017
45167
10635
63162
77986
94308
63530
1689
40797
31463
28528
162
70598
20399
58117
2288
95392
99863
68669
36188
528
44328
21481
56589
52836
93240
84366
71156
89298
43695
53584
77187
23099
60319
8073
33947
57218
56918
19590
22181
86981
2401
21963
80366
57114
36121
52961
53628
5949
561
40800
35660
33042
39497
76030
79915
46142
19074
21231
95607
67696
22117
38134
1288
13427
77439
20947
31459
57621
31867
39759
68165
87265
80223
61378
16950
17811
89888
75651
16872
74064
15743
55369
94026
51294
36082
61770
95442
35354
27036
67453
8424
25839
28381
36499
75015
2311
78272
87999
11942
13359
19635
41638
52518
10467
50851
81257
73116
31864
3704
95935
51466
43983
88923
22842
83645
913
38865
40444
81712
40612
11793
78017
34573
84858
41774
95643
8221
96132
7330
37546
11975
69813
60239
13550
81397
85544
81833
20057
88041
84107
45809
27994
80250
46235
85880
20525
7503
31994
16733
46947
71958
22135
62072
49821
6368
79006
52727
82252
78707
27617
72520
57956
54142
26421
88904
6832
26852
43890
29632
58365
99987
71878
12808
55368
31807
4400
76298
70483
78494
95981
21381
94924
60743
98497
50685
69320
39032
32354
63343
62946
42318
37651
47036
75896
64109
53584
64225
84157
85200
39892
65560
27751
46285
7061
76464
18989
44262
60050
84089
49283
41312
76570
85640
36604
49142
53952
8916
17853
8915
12432
48882
798
94387
59738
52845
51668
20170
21448
24343
27234
83733
30003
46956
73036
60391
155
66424
22917
7935
95604
56150
77000
35602
79703
30398
71321
4086
41510
77120
64971
71459
95191
21408
35176
71916
47343
42835
55082
87255
58686
37051
41974
99715
74922
9754
76273
69798
81601
99756
63
61437
15405
67393
54762
32045
62811
25426
539
45031
60933
45851
97623
2589
37259
5067
51691
49934
5519
66057
92990
76446
79523
80214
98154
71784
62887
59166
8355
40601
82628
69282
45144
10737
63522
80490
58154
46280
30925
99110
61131
87449
81961
7978
73866
99110
12326
81518
7053
91865
70458
18836
21144
61156
15488
2150
81181
52145
10136
16172
11137
57754
31290
20421
25366
13307
95608
47600
94003
57594
95015
19482
73348
99870
64842
89117
85600
13980
59451
91067
29114
36197
50561
16124
74897
69793
83493
38987
63644
36806
22157
58346
56723
11362
49657
70146
64596
37273
63678
42017
30292
22760
25094
86370
36467
51993
6761
26335
81255
42650
48867
44736
99484
44149
71128
5805
74864
20297
23520
83892
60380
41430
42921
75275
24796
19183
75580
16170
58334
30592
31855
62263
23976
90721
98306
5121
29029
93106
28526
32721
95113
24544
7304
75245
41390
19109
93154
40549
23380
94683
62261
27187
83397
36257
39997
15618
22228
4357
8018
94411
19650
26016
68410
81854
22512
42406
34844
19463
9627
3097
61826
31085
40132
81200
98739
98363
7899
15465
18664
23805
22462
78684
40740
88844
93700
35489
40141
70820
56663
42509
67362
71642
9648
77136
91667
76514
92408
5756
68093
92518
17137
18579
64083
52055
59026
77236
36474
46271
42679
54884
82654
28399
2579
78464
4039
97042
82571
19601
8308
64810
18209
17256
97137
76666
33370
35272
22659
19138
1616
4724
60101
16168
93878
55790
68650
63957
92291
82857
68702
95757
77542
22715
7134
69516
11104
39300
13899
50086
62638
55036
22593
82190
58702
46483
12122
31476
59045
46628
41249
67864
85027
52428
43029
32232
42475
33047
36713
46267
53853
57432
21267
74751
14411
44482
45949
21521
76898
30761
83474
65226
33960
88390
45677
88912
17443
12654
75447
31348
70776
88776
88589
37144
21263
98495
48764
48612
16214
95863
90156
76325
12189
3480
81253
81520
3572
33900
39142
67798
6674
91191
70926
61391
59624
55448
75016
23386
76965
18830
78510
62284
30297
56839
25196
40734