5000 52373 66350
911 32149
6557 64165
4987 57131
31842 4358
33341 49877
43297 3922
25877 11412
50456 14757
33191 10297
26237 1220
3333 55169
6829 9564
35106 9742
51475 8641
29356 9827
40676 16467
49901 63722
31258 1522
13214 49347
47195 1005
39495 38863
14245 32134
47796 29343
19856 64060
25017 59824
42473 8109
7124 2075
45947 4267
46513 32157
25007 9928
34138 34512
41036 60496
2654 54168
20180 22523
31061 17081
35244 18825
26215 46385
8528 6429
35554 50281
10617 64147
32789 51353
13400 25861
26672 50712
8857 56937
29638 33451
1789 36546
43099 37896
26622 37126
37343 16149
50572 56642
43581 41964
27305 50750
28137 57552
6158 11950
42324 2783
11917 64403
31741 43973
27993 55448
13376 64261
18641 5056
49851 5174
640 10733
35102 25746
24921 39604
10788 17193
32622 42566
51665 15164
23193 32270
46203 53874
28559 19919
14048 62246
19861 3494
2598 29184
44828 38609
29463 5390
28444 14154
35470 10484
24158 30053
44956 47150
46813 57061
34858 60128
3904 23493
25749 35738
40219 14256
29291 19013
20764 53741
24768 52246
3100 51310
12386 45741
17661 56014
116 64692
21796 45242
21975 61366
36257 35599
23415 30965
10518 36307
35300 2683
44637 31854
7527 50150
722 61063
15998 44306
45916 19543
51675 12344
38393 4309
8751 31134
364 42661
41268 50866
7140 53530
31122 36724
36274 47859
6623 4946
50677 13100
49509 14680
27979 42917
42285 32681
32314 12808
8392 62682
6108 54623
45293 39404
41474 6100
22087 49604
44728 57735
10023 35329
14591 50799
45559 48607
12097 604
47634 58163
49255 23029
12296 6443
26274 4618
50080 28514
42049 24994
38387 42441
41595 37156
23394 32271
11080 15118
50706 45639
11984 50975
46792 47456
34429 36083
43507 36427
51587 2781
24880 6872
81 37753
36400 54481
26604 29883
45865 64155
46587 53520
34397 60326
2279 1276
7007 32371
44693 21616
45527 50785
19578 650
33441 23251
47093 54820
24531 2092
52349 39770
9669 2704
42275 1118
16189 65048
52126 7237
24065 13013
52162 34196
28083 25857
46294 50612
12361 32434
48514 34681
21279 34825
14366 51282
31424 1267
33223 28449
34781 37378
35997 18092
29471 21864
51118 56454
41848 63067
18466 9162
11860 12683
41385 11824
46151 54148
26200 49014
34837 26028
13301 63143
3647 50893
47652 3136
43331 60259
5543 9155
43552 33617
17954 5887
52227 5234
7834 41780
40950 56586
40507 34477
1329 48660
4418 30100
5506 30476
5425 43714
6553 28206
27100 55587
20367 3693
5784 9751
11243 7017
34693 46868
38993 34197
902 52783
432 54577
10309 43125
38631 19099
4628 35719
33254 25316
36800 59028
4652 17350
13718 59701
39207 13233
28849 20736
46092 45318
33390 28881
2189 23358
36860 26391
4856 10807
15165 62468
27461 13759
1939 62832
6908 20424
38033 24845
31351 65046
9534 1532
12179 38387
6124 63589
20002 21771
26217 61294
42607 58510
45822 26259
38699 42837
19435 20533
42350 44156
23420 44082
31448 27100
46520 5708
18599 43092
30773 53634
43124 56844
36627 33066
21077 64885
7919 44643
16907 26748
46739 28107
42672 50141
14833 13911
43558 48047
16978 17024
10348 38842
15725 65722
17942 48558
11588 30362
44040 33158
620 16729
25332 46137
21021 63901
38917 33856
28596 60449
26541 2014
5173 52432
42952 3832
50644 57210
24179 64676
24843 48892
29472 65276
47070 40369
41733 60478
13914 32896
42295 47821
47259 65292
20781 65380
11696 3656
26198 62956
37629 30977
5536 38484
26712 31252
9510 43084
6912 10175
41714 3952
18688 17771
48008 21948
14915 30578
5609 30442
9079 22598
11689 1465
27586 58445
36474 46546
6981 52497
2278 60962
8806 37353
13524 36645
48139 1976
40709 21292
12552 15013
7104 20398
26224 61072
7635 28892
7202 55148
34045 49883
22520 10610
43578 19699
38341 43275
40976 7893
22358 21212
1397 8316
39000 7030
20001 12197
39062 16221
9985 11154
13683 52074
2858 63995
12355 42334
51315 11796
14560 35199
8949 43676
3234 30840
47456 44524
33502 26682
18029 34678
41241 10115
18072 58226
22908 10848
40242 5634
12410 39233
33453 19995
30659 19405
42758 60025
14889 13834
14329 32267
42428 2545
11378 5454
15738 16693
2030 35126
43155 31938
329 27124
10913 60631
19700 27621
49285 15910
40771 38500
25378 65262
18968 45646
14789 29683
18382 32122
10909 53472
49585 10545
23663 26722
36458 22888
26354 44626
50343 29104
28615 42560
45874 16825
46607 25664
41147 28637
12798 34311
38064 33577
11811 35465
20938 37802
15450 7099
44718 7640
22260 21880
48464 27991
46954 18400
30881 50498
45407 16448
9109 65377
27433 19213
50667 11477
30894 56107
35146 12274
33501 39593
18737 33024
31077 59476
12231 46589
40266 57478
20269 4947
42811 19721
2132 63428
31092 6971
38472 43554
44237 48168
50258 17247
43565 62328
17544 53051
31699 58956
17662 61958
30146 61996
19962 40835
26848 26665
22585 56622
27286 19438
9800 23272
17738 60656
9491 14224
29526 66254
44687 37546
3369 48967
42097 19905
11936 37576
23675 1320
833 6172
8183 3572
4547 6103
51881 44863
16261 61505
32419 58658
35892 45959
11016 5711
25273 39503
10224 20959
20139 62788
24437 835
5873 61863
35153 31252
13308 61437
16367 31974
17434 8852
8414 24662
50565 50157
45818 33145
44842 34733
10929 51473
25360 23340
16149 20016
50455 49649
13241 37539
10213 13349
7001 29324
44235 43323
44416 15380
35012 45270
10889 61089
42231 61757
5199 44942
48178 56167
40575 44671
2700 13852
7101 27922
36868 47473
42769 11936
31266 59538
2803 47499
34999 23421
24546 14376
654 16148
5213 27901
42123 22097
46892 39733
47606 56888
11694 6861
24269 36805
36043 64791
11257 30039
33611 62577
781 19392
50344 15264
31445 43052
17562 56273
26642 19635
51067 65684
9226 3753
12529 63451
6141 58760
19016 13103
15749 65594
44880 47925
2701 66093
10196 11623
23533 39890
34164 36486
16521 41398
44550 66218
28165 9564
26744 40193
36215 25056
26486 47808
43441 26122
5387 70
23791 52341
35531 64969
43743 53799
1745 44069
16174 60252
13312 54741
17551 48819
41880 39398
5511 135
42177 27630
22646 49067
45820 9094
29076 4972
10184 22333
43081 23475
30730 28613
26482 65837
20487 52982
18040 21754
4342 36187
5769 13899
35624 49715
13133 44397
6525 61042
13658 44223
40776 63505
5032 60040
40715 36456
17638 41250
22842 48337
37524 34248
7450 58772
11617 40728
23261 7028
50190 19957
21130 16966
19203 28672
12935 45037
6164 36889
13410 33848
24539 21492
42089 23041
14649 47703
36713 16951
25222 55316
39368 49797
8432 55331
8784 57043
9975 34498
31638 16394
27283 17796
8257 28865
33095 3362
19614 37470
44497 8316
38998 7857
51092 21120
32385 25316
15610 22826
8458 22977
18585 48148
41139 24541
2615 13339
15520 5277
26877 41718
1229 12663
29999 192
29213 62119
45260 57459
43454 58101
29669 3580
45909 48417
42898 50403
39622 56173
25817 44736
18830 59127
22858 47132
13439 30890
22451 25737
27584 9435
31844 2005
1562 3420
37944 40136
51820 39636
11159 9951
34550 51557
35389 46332
28886 27536
33760 2937
29225 48040
23815 24129
41546 33025
51732 31957
39034 63543
29764 44426
30028 28605
26583 64091
16774 21326
19315 4595
15722 58039
49545 12477
34823 35394
12954 64910
7949 22653
1730 4272
7901 33929
40117 28475
39987 38061
12178 66135
36434 21031
5748 60085
27599 18857
41286 62573
13683 19411
41870 54282
50501 52184
31610 43730
47720 47891
11163 44778
39195 7741
16828 13784
51214 26012
2435 19617
26237 47695
50911 63210
11633 64769
12800 611
30415 56261
44810 53260
49496 37251
23381 30560
19737 38564
21596 30006
9029 41399
27345 44945
8464 19255
31271 38941
22095 66067
20670 29308
7371 18005
43335 4724
31181 29385
17336 20810
35819 30528
35309 26663
38490 19215
22707 1215
18424 13734
15262 47137
44511 56916
4451 62496
46441 1240
3720 50006
2412 32067
49868 61576
19044 32466
12780 21420
2175 18917
22944 9561
1229 5113
31857 48400
29179 51732
13801 50023
46729 51465
37001 52664
50428 49300
34582 43696
41439 62508
49197 23664
37070 41612
22917 14777
27751 52729
18620 54529
38337 33286
48583 23104
14797 26302
19426 13959
30653 58778
33904 36156
50170 25347
36281 3898
18324 25758
15918 24331
10321 6081
491 37785
15426 10138
2112 60692
29234 46217
18815 25618
39106 44004
10980 64641
39328 38008
31300 27407
6800 56897
4783 57700
38383 2216
38311 26714
48630 6539
1022 8775
34301 23185
35907 45361
48976 48369
12496 54873
46364 48384
51749 23952
26642 53389
45552 58398
18817 42856
9111 64880
499 42103
42687 33141
21464 36620
8721 35062
40880 24589
30030 38575
50958 59992
51630 36720
23919 60438
29602 57369
44486 51258
36398 12673
38171 38119
34495 25660
20823 39848
40157 9883
3226 39994
4546 31241
13397 53446
35480 11176
44168 61898
47045 61724
46960 31016
7660 11822
42954 37240
32815 44449
10095 57080
17380 6821
15164 54021
50255 35442
9776 52651
41735 29430
22761 15268
7790 4013
39271 38468
3816 19371
24506 29221
45773 11066
49521 41347
13355 65267
8997 41852
27404 9905
4658 8704
17295 36495
41827 1993
3387 36427
51292 54175
4780 3225
12269 65166
36936 47685
31525 48105
10283 13336
14695 30539
48822 35394
46174 12593
28185 60483
42129 58758
20247 62887
41369 28410
2707 25775
30083 11510
34635 22931
39313 4002
47290 42377
20449 33914
25497 40983
36399 21106
15954 10268
26363 27060
37193 59869
36686 11782
29816 1132
7262 62481
20979 20804
31797 26607
42452 17957
40921 36871
37508 8598
19273 64162
4040 33340
5728 61751
21468 56858
486 53870
27039 54798
16855 20273
42842 62560
18314 38438
46021 59798
20079 14707
28306 45184
43997 34755
10506 23473
16019 61117
37657 53335
12886 8694
15050 39847
51770 61789
12312 64398
44149 61783
29978 54986
9240 37096
45165 51492
12038 10355
34952 60083
242 64100
7274 43519
5915 47943
9598 7870
40164 46016
50743 7013
36796 32653
37825 28261
16436 4555
15071 10712
16432 14052
4094 22308
36585 29165
9410 66095
12100 21802
15360 57784
9516 14704
4335 56342
36454 60062
46673 59993
20851 828
34568 3972
4005 25528
31419 10071
31372 23374
45676 38621
26987 9579
50786 43562
1264 35069
33191 65261
43391 59700
875 36341
27542 61769
222 37185
29500 25313
27819 50328
6983 28711
36721 18486
39028 57090
19664 513
429 48728
34899 60675
50719 12058
33596 12735
23267 61931
34081 21209
30667 63423
29975 1754
49338 17864
43225 28447
46241 59209
32011 65353
33958 57931
17620 61588
10244 7247
4654 1324
46081 10575
26624 16852
33263 24071
51925 24701
48890 27903
44061 14811
42600 59672
19140 6239
17734 58396
18771 8569
20712 32161
2500 14440
11305 49466
9030 57333
50946 2849
33213 24739
11909 64564
26361 65625
41436 61625
26135 53276
30694 37232
8981 51426
21736 3868
7702 44781
41572 30670
28924 20677
50318 13068
30527 8335
668 57528
22931 42246
29432 58442
26854 46966
35213 30743
40901 17951
49150 25886
22015 44264
3727 135
21849 4571
44766 54825
8772 56622
27592 57309
8217 9953
49354 24043
32562 5236
32689 48355
24816 51723
32390 11651
49583 5036
26217 53353
30659 53364
35813 34832
10124 27878
8801 17075
4293 3576
27498 56868
25695 64443
26280 45618
4125 60836
45105 11012
50720 38541
37004 22804
50182 31620
48883 23821
40525 20926
17104 28513
9662 18565
12413 55043
48582 66059
37957 17080
4020 24581
4656 43285
35091 42092
42301 15144
41854 13251
20307 65803
3215 6554
7720 65747
1675 41086
15738 8662
43517 19509
599 43597
46995 35965
27274 35599
6285 33577
26463 57814
10078 15945
48322 23021
18378 44434
6136 56334
4556 10476
37753 18813
22423 15798
47041 64805
2686 20532
22234 12434
3477 2554
6694 58466
43495 26644
2542 58153
44403 43262
2687 22961
51532 17539
47755 2828
32022 32277
6553 1938
29616 25387
3976 18850
39760 58079
1773 55842
40037 51565
43011 65591
52287 10899
44115 4209
10974 56672
30442 48942
42950 52958
44652 11840
32432 12809
18942 41037
17868 55454
15292 56157
11594 38133
27927 58893
20729 61406
29356 41797
13713 64820
42314 19058
51533 36745
11905 52986
37 57645
44643 19481
25075 28370
24846 26116
10141 29489
41516 9557
49616 47499
22459 49381
48202 37230
31604 22368
12977 63572
4790 35486
24902 19381
3387 1834
495 1792
10982 15588
51865 58152
38738 54068
17708 16571
18939 33203
51028 7525
35455 28615
5313 40546
21756 64849
20728 22423
34027 26751
45313 10491
4636 63179
15349 31686
28408 31384
11795 58440
1378 10848
46954 22021
35516 23548
42677 686
36700 10890
6137 65212
29290 9879
3989 3882
23592 21264
44361 34472
40654 33066
16261 20844
2070 28692
19356 52418
37062 45078
30811 42462
3723 44774
4100 32856
37124 26446
2574 28675
21732 34315
8174 41562
1897 3755
36190 17239
46519 65651
7092 44628
8783 19191
8051 35938
670 40689
47337 15294
4966 53259
40980 41785
45104 44096
27224 33555
26310 9139
48465 20436
46218 44966
10328 52468
31945 58289
40447 57164
30022 63661
6865 3944
14210 16468
44561 11412
31089 4871
13722 55056
37861 54275
49870 1238
10938 19393
4346 5406
33478 55719
36114 30360
28056 54952
8754 28944
18253 38808
39051 931
52174 42586
16546 32710
41805 28277
4281 55206
29250 20306
5032 8132
29306 48518
1503 53704
51141 35268
3578 51994
18400 35217
15908 5101
38835 62596
20378 34939
42366 51908
35653 22379
30889 16392
35038 3462
13667 1805
3525 54367
19275 6408
2222 66022
42700 31470
47961 27009
45635 8055
29444 18877
24200 7133
1785 18057
859 51391
7967 21499
47458 38517
9774 35015
18244 35776
699 62562
39560 53598
30288 26078
32417 53287
34785 30319
26103 11965
6816 48004
21886 54977
19545 34881
38040 13742
13948 41658
14086 3050
2647 3665
35282 53930
48950 7148
2291 60304
26574 4493
14202 17812
40347 62737
41763 47766
38202 61180
39416 27840
37282 25229
21747 5477
27469 5344
7979 50950
45585 33854
43327 53121
15862 13592
10121 60336
44352 51405
36130 63581
51767 29902
18750 49705
34622 4091
15818 30290
18820 55961
3639 4397
41047 14698
5033 46359
20818 43127
17187 55302
1803 11639
30373 36951
14337 15245
5704 57058
26690 56525
38905 64816
43652 41647
4111 4972
18161 66326
45745 56488
40716 39532
32766 5154
37325 16327
27447 19008
16681 36317
24840 38733
37559 29899
11623 993
9971 54193
40782 46534
30594 65184
33573 15208
36164 25702
38167 33003
43291 2509
46845 18207
7287 26627
50510 3285
24715 4192
38772 32012
36245 61255
44732 43921
22712 64894
47375 8551
25101 20598
20704 24977
43557 27640
36218 32920
26224 7815
35436 8906
7065 58711
41673 59292
6804 58245
18615 39720
9009 56452
9394 15477
41117 65986
42048 26262
4113 48177
44070 51935
33668 21511
25865 65521
44680 11582
30089 56287
23524 41422
19060 58521
47049 58300
49295 4298
374 39460
2356 58196
23407 6357
14940 231
28822 16565
382 10901
52283 5895
11012 13321
4176 53856
48914 58463
15992 10983
22175 40724
14844 23866
11356 49592
3261 26234
33227 22191
43617 24211
18624 46950
29520 6233
20136 32704
48666 64992
46549 22712
37070 36795
23880 8410
48667 33651
23398 10585
18510 14399
318 2939
44206 62112
43876 65708
36703 46058
47072 25998
41175 35069
29445 63353
1438 1411
51082 34721
9960 17670
18725 19508
48262 9367
2288 42055
31366 52040
10757 57117
6567 2251
43348 4552
25730 43028
7396 41710
49950 51007
26670 37699
28186 28221
25219 11447
36474 19906
16942 1489
3589 44517
41777 13450
43686 57773
5894 47147
7429 59061
12197 33855
29088 25603
46738 22807
38771 4823
4772 28008
47403 7895
26492 13496
35426 62044
24341 28433
39359 49007
22149 45902
29939 47458
35654 27970
2505 27300
8631 43676
10442 14732
40578 15996
46785 11479
9505 55197
24396 41854
14765 7462
42153 52439
32290 56485
17739 9500
10484 56889
47744 24593
37231 53109
1272 55033
47356 28436
24613 43398
21988 47943
6349 41247
36645 18138
5439 18375
29275 2881
32660 40282
20747 42464
2371 1392
3747 66126
43838 7469
4934 235
12210 27861
42090 55907
14604 56289
26950 34509
8059 63671
46470 45263
14010 43765
43026 11147
9486 48864
19286 6974
37073 22287
25389 28732
12493 30361
33031 6118
6862 21796
20720 30780
14302 34619
45151 44759
35093 43660
49586 17972
33506 8488
13972 6851
5532 8117
25966 18015
3829 44705
10824 10051
19506 47804
31073 17157
17132 36941
27821 58387
47340 59972
29481 42851
36300 17618
2004 7482
36417 49376
34176 24287
11377 8439
14800 29121
46283 59094
21611 51302
32519 35165
32084 36363
35050 59475
20563 15314
27007 16162
13671 40318
12081 28954
4202 9540
7473 52678
3422 1169
3165 39395
18249 57564
46596 46993
38448 2838
51735 35279
26378 15592
15897 23281
36257 37554
16604 24792
18245 13131
18414 15701
28620 64207
28988 37315
5899 10209
17567 24056
32528 27608
38375 42370
7177 62147
50138 61630
28604 10650
14937 35508
5965 31896
47731 61285
8911 54726
30010 21812
10461 4623
25339 35805
35968 39248
46338 48111
4868 23210
3139 28807
20313 39354
46511 5821
47697 31287
20130 49094
1057 49192
7770 19067
24127 43507
1200 53539
16547 32776
42409 50556
4038 14764
51533 53138
21305 66196
30373 5201
21928 65421
38189 42051
38630 41136
13965 28925
468 57570
7509 15163
23186 52685
7005 19591
15253 36225
44825 42201
14785 30749
26007 44429
24732 25101
15630 3656
51094 39822
5386 12604
23610 4694
29140 7361
481 60209
37299 60787
14806 44677
41099 50792
34334 20587
12941 3302
44247 38613
36258 8719
30061 59928
49749 58755
16557 3221
45515 10443
15637 9142
4571 46768
23442 51693
2149 12008
29989 21558
6866 39750
24004 16705
26490 29132
38496 13607
12177 50285
32266 36349
19390 22961
1932 32850
45797 46596
35826 38468
5822 43750
38396 20413
34935 9725
49373 44518
24721 22319
9352 5037
1530 65082
42483 44317
5786 66189
17360 61400
29497 44473
1625 56737
48687 21329
32394 6590
9172 10274
9057 31427
25595 36567
32591 4065
17668 32291
3308 30076
22092 54918
44472 63147
386 58111
5085 16020
37704 22850
26041 29262
3005 26107
37313 43908
47773 40662
18188 2647
38280 46660
12052 19626
48521 41530
32291 45116
50931 21248
40165 7325
43669 37382
42542 29475
46353 28514
16698 36559
16985 4298
41134 45414
5794 23655
19161 27669
49780 10984
38576 41524
36469 36369
27118 62889
21674 43061
33232 20779
35734 47790
11917 43924
32268 18337
38004 44590
598 51718
34146 57889
6736 41385
20261 36552
42856 26158
12465 59261
1999 17887
39132 61033
21540 54289
27947 20195
1334 54837
13992 7834
24795 15628
47984 33782
23899 39221
16514 49108
52045 19721
10243 34275
10184 14957
29282 58466
532 33537
46988 57878
44860 38740
16064 49178
1751 36712
34898 26675
40971 44308
2102 59305
46626 18175
5916 13205
34238 37732
25721 50655
25108 46314
6405 9578
43519 55565
39508 52334
41733 51339
43609 59911
43788 40217
46821 8206
46054 40485
48124 5177
51438 21487
225 12038
32960 12777
24699 54780
45414 42308
49894 59396
33526 34825
17969 38633
2755 32358
40685 12128
18925 42438
29651 15192
46900 18351
48096 36980
38783 49233
43033 3837
45547 54768
39548 57694
39873 60260
15805 52196
7714 41224
13237 60203
4653 13292
3848 15922
46152 54151
29851 5820
40590 23955
47868 1041
17312 24701
16163 48866
52102 56417
34662 66122
41864 56206
35236 60394
5689 52368
49304 1515
26229 1125
8455 52057
13602 59298
15049 6225
19315 28144
46442 41117
48825 35177
48495 6455
40892 10197
7790 46209
28299 21905
51235 26594
44824 53137
23308 12404
31449 58591
31015 9862
2082 52129
32912 62459
8253 39508
42009 58848
25140 54109
36597 42545
37834 23928
48836 920
10015 3708
16447 48325
33370 39734
21820 19850
30209 52245
30756 34431
17835 37304
8856 33317
27682 20904
31051 56262
40388 52875
26198 63413
39250 59649
10971 53432
28879 46107
34033 24083
20586 61623
16345 17429
4765 25789
49673 21150
5042 2835
1841 2458
7898 64030
46409 19261
34613 58310
33461 40222
4882 30652
14248 1618
47140 43268
28289 14078
11357 5231
10949 17044
32318 46935
45460 48978
26133 36073
9880 7171
31500 11896
32976 47345
52128 8568
11750 45914
15761 51098
24320 52542
48077 507
31223 38697
31845 45188
30787 35333
8955 39420
6745 6628
41341 57456
11172 40989
12967 49735
5565 54651
15566 24036
29811 34815
14039 44199
12615 18377
20999 52872
31850 28357
8644 50182
36938 60529
9381 2901
42145 65154
15137 5247
10317 43755
20062 56717
9112 49228
23672 19879
46902 38325
19597 53739
14350 21400
38011 57326
2095 63505
46128 1999
51254 43418
34488 37224
16706 27813
35339 43022
33678 34324
12180 21327
26720 65958
19005 1422
7157 15293
26721 48626
49359 47327
6143 33189
20105 50744
18732 25432
5594 21383
16348 63879
22398 17274
23403 32335
9559 14582
32036 56710
14527 30037
37895 48084
2972 27920
17329 59057
39907 55724
15520 57744
23977 20966
4824 53078
28201 54377
38633 41587
48167 40085
38056 48855
20488 52280
40906 46087
23544 64570
5379 15029
16588 53677
11351 65633
5553 38293
7560 9304
33847 41026
13646 49645
29355 19044
826 58582
26260 57209
18267 57273
43899 6689
48152 14409
8373 11546
49254 12174
23187 15537
12900 43574
37170 45770
11258 56959
42437 20593
12568 33493
4008 44663
16433 42637
25870 47667
24865 30179
3486 43003
40583 44863
37617 44514
1175 42456
12807 15662
41497 62241
10437 51232
6908 29203
21491 16982
42238 20895
20718 36759
14204 37311
24641 30442
34716 54359
18505 10387
51225 19680
39079 50243
48218 17050
44845 49008
47540 33205
19973 65134
7845 51432
33131 17837
4664 34387
44096 10063
25636 37520
45301 24461
14532 43376
11427 37958
44352 59760
10173 55469
17827 23489
51592 16115
10700 28415
44478 54652
22832 45701
40296 3515
27408 21041
11408 7332
37493 801
14671 65254
48084 49615
8498 9753
33064 7888
30044 66009
27938 50565
14252 47861
15377 166
24657 43405
344 20204
42472 23650
15463 9287
37640 23447
30235 52744
20663 15847
45984 61266
23207 60680
36097 36464
22084 56455
47876 50249
25142 24808
234 2777
52035 62540
51035 25508
3026 39697
30448 18726
18296 32277
50817 44706
13270 12584
6028 22625
42322 62923
21266 9109
30760 65687
14135 18000
41004 40908
2145 59717
10640 46542
23740 48730
8980 65971
48559 7922
41502 65640
16540 331
4677 56308
32740 8973
10190 41799
51305 22667
46086 53254
39559 61196
48710 43366
10757 65676
34150 63795
24594 44631
10430 15178
33620 19226
36962 22394
25144 65092
50028 47569
31256 48872
6258 63430
3881 44125
7584 2504
40296 41430
30080 43920
13649 48197
51962 40605
47758 10733
33116 16171
14697 51635
39706 36885
23375 17080
42215 44186
37983 27701
13793 59359
29861 8462
42798 54066
45799 16826
12445 22125
18968 12750
26148 63077
26478 1253
3470 14893
10350 37370
25241 21774
41651 5531
47255 16639
34070 21752
13734 49037
42157 13620
18357 16445
47492 44715
20868 22098
5447 41226
36024 49897
1279 62948
27833 43593
9060 61184
49342 37157
36991 64502
42317 8145
6584 28053
32120 42686
38737 46343
12014 29492
4037 33669
19815 61990
16267 37488
10425 38549
20324 41097
43433 58660
39935 26238
40014 60845
3771 10157
39226 47222
47501 56793
28387 38625
19056 22894
46248 6273
37689 30170
221 19235
33277 31115
28797 29168
24540 45020
33407 41861
16156 19982
12650 11000
13145 17403
30791 55485
31140 44559
18620 33273
23158 57613
18566 30782
39446 38985
20147 18682
45526 43030
8691 35595
20602 33403
9273 40434
37902 21511
2183 54761
3465 10828
17858 58327
46850 13321
13299 31684
14188 48509
16157 16062
24711 56548
14038 26488
52359 56204
31280 66174
25599 30521
24343 25454
5040 48965
2501 59383
941 22783
41002 11595
3154 38836
22172 44916
24964 54407
43548 37521
6873 30968
15710 57881
50415 56011
6959 38361
20684 43780
3616 45087
38650 23201
44083 22026
43591 52368
26658 48883
12985 44092
5896 34489
9653 58828
33185 60793
4959 42595
22082 9995
41441 57703
938 3938
25376 14388
31374 59497
12010 23349
25353 65341
33979 9115
36754 47750
34605 8320
15456 42743
46106 52148
16441 17920
16656 49071
27023 32325
33982 40492
35895 9889
17089 63764
50106 48832
44954 57701
32404 38053
50420 22693
51466 36474
27333 50645
19007 19843
15597 18037
47954 4756
51917 59758
26741 37600
51503 25443
40365 53377
31502 59762
7564 52223
36518 53292
51453 1425
25752 11512
19025 38600
26063 37779
49792 32743
12347 35631
6527 37958
50054 64693
30116 10128
25762 32932
30600 368
2019 29905
8665 53208
19156 520
15526 61036
17367 21145
20730 23830
33196 60512
9310 31371
1732 13668
17336 53171
37982 26317
40714 35949
958 47409
50368 40934
46064 20923
34064 9945
47970 23111
23374 38525
29772 40451
1142 47348
6325 50622
36893 19469
25973 46669
11154 3183
43883 36551
7284 39447
14641 3222
3907 64620
31071 64708
23335 50112
48754 48813
44210 46148
13288 38885
12308 32348
15311 38839
50858 33290
8294 1082
3583 60026
15473 33005
1959 18629
41346 11784
41513 4560
32190 55194
20405 6150
42311 28051
30017 34473
48783 57283
16614 35818
7077 41425
47796 38562
38274 42899
43003 11170
13802 50023
8184 54759
15632 22209
50201 51672
25376 28416
33282 17898
49527 61777
33599 28890
43142 59366
39722 65925
48435 32417
26289 9649
49556 60136
41396 46026
5586 59296
45170 30610
15177 45407
44497 35694
1586 37034
19975 42530
37412 5730
50785 2287
19262 8661
11545 35070
4904 62238
27177 59330
23196 9443
3518 48859
45498 19895
2832 4529
33080 55904
7617 35439
46142 16558
10360 55544
48838 61788
431 27697
33406 6469
24234 9251
16819 61717
4621 22254
24559 37795
18771 55118
11660 58136
16356 61221
39593 47122
36157 26549
4604 63418
18483 59562
20326 34944
39832 13316
2558 43139
335 10302
48628 42226
15489 7845
5768 47744
16548 15298
10341 24468
24892 59192
39942 54623
52295 53861
33449 9954
40277 37105
46346 11526
33314 40236
6534 4531
1488 8595
33521 3945
3409 18171
39914 10210
28003 44865
44929 20899
29418 4716
23423 10187
37129 12729
39476 56195
39217 49203
19765 58255
43880 21415
26941 35264
25228 18109
18839 46606
12294 27491
40063 14569
43316 57324
39366 54190
45278 30189
9717 22907
22941 37685
28105 51648
2314 24083
22378 61217
24603 53726
17190 840
4941 20487
40646 25092
47186 32693
7162 47552
49093 26157
15953 32367
10081 18698
26618 41638
27081 16896
24555 41341
44867 43937
10360 22736
23794 54001
35002 46017
36704 18931
20267 48650
47721 30355
35062 38201
52018 607
24794 34376
6834 35682
36754 16460
38044 64826
14584 55047
52274 9441
4041 28614
9963 21189
17136 42008
16352 14308
41595 23306
16009 28445
11153 2289
38725 28290
39800 63681
43858 17866
30055 39232
9652 6360
13194 24472
13242 32498
41997 4339
11637 54623
26091 17039
3505 26660
41702 15199
29650 58032
24484 3110
43084 8123
20660 18823
43199 50112
3203 23144
29929 29565
15907 59105
9828 48462
24701 28579
42059 54895
31370 20757
38585 25264
30907 52773
26047 19574
9189 3799
28342 19640
28566 31887
34122 56618
4424 43554
12891 61068
21880 29707
15240 25511
22535 50477
29859 55973
40369 50401
15844 45953
48479 10484
9426 27498
9507 54672
40339 19680
12605 4825
24198 109
27096 58597
25680 27941
46334 14289
28654 42653
31725 31132
5926 46591
12784 4806
31159 46952
24455 29504
48031 57639
33786 9530
36383 32633
26304 55460
44957 18929
15542 57645
38223 18268
10259 10154
19762 59124
15404 63615
10246 6678
31022 56575
43265 65581
39704 52936
39536 60697
20967 11449
34643 45060
9818 15157
31386 16397
2471 3907
23296 61993
2780 24718
20459 50959
44100 41372
13778 55230
2435 31490
30228 44623
3320 32806
17423 5313
50934 18904
24526 45955
50848 38303
48127 54455
5997 53707
39348 46745
22362 38525
7320 10058
17707 1207
42631 33145
41109 38940
46639 17606
15330 20546
50732 57090
34850 45679
5266 39982
49075 11495
1283 56868
17850 51258
15791 60285
13571 56908
33810 5238
47249 27161
13301 46215
45356 56191
26378 32208
49744 28721
38833 35436
2605 65560
30257 63229
46344 29069
29966 47628
12257 56078
12039 36341
37481 22895
52127 15748
49226 14931
33827 19455
14452 47597
3447 39819
15838 59267
9898 45370
7777 2547
25045 51355
40496 9159
22487 33396
44146 49460
16467 45981
51614 8595
16173 11769
11137 47767
38777 937
51781 45833
50340 31088
2373 38398
39891 41699
16390 7275
28894 58763
40871 26724
34728 30999
39476 46832
34607 22254
51723 7631
39764 35659
40941 54287
33862 16976
873 47982
48407 63729
13961 37241
38131 55055
32176 52427
19835 44475
13721 65962
8546 38082
17878 50993
38489 28207
46852 1451
41381 18367
1529 11178
7272 18494
7784 52802
29130 58029
7755 20908
18331 57824
44976 31976
43377 11028
31692 26373
33327 17654
13478 35153
17469 37454
26465 42042
43487 52841
47600 62782
14590 52133
37237 45122
48758 9742
9536 50148
40752 33186
47823 51174
51607 33439
51445 25116
44444 1166
17049 25643
52166 27857
5498 60249
3093 64572
11884 22765
36562 32961
3142 24499
48937 38279
2305 38636
3650 54030
25964 17962
34732 10856
11973 22247
33504 30960
13706 17875
23048 49775
26924 44260
29022 15811
44705 37370
30865 59631
28548 64267
35383 23418
7520 28016
32936 64688
52269 12160
11098 24233
20419 21367
33354 63310
5230 46267
7412 22345
8786 43915
30451 59604
1515 44089
51251 30921
47025 64935
5785 16291
51688 4816
6402 34819
24615 8496
7079 23054
28023 2275
12877 33525
19231 38896
4156 8385
13604 62868
1507 22027
29272 63385
15014 44708
51475 27345
6540 2589
32647 4064
34935 365
34212 20962
10526 63501
21518 30109
3180 47514
37290 48126
32560 60030
2456 37206
39963 31886
34263 18334
44732 14926
41893 14310
48291 41788
47545 3618
33323 4129
31140 17856
1889 32256
39862 23533
31904 44790
33736 9467
46735 61091
29803 39720
43214 63834
37073 52034
244 1872
22603 20049
9103 37375
10068 52483
10596 46179
29302 42386
12524 12213
20295 46629
17418 9059
12679 1787
41173 28836
42775 19083
36685 8315
7788 53613
44246 25291
2839 8001
24192 34747
15386 1897
10089 5483
48768 34258
7566 32794
49586 33488
2209 5727
24420 5370
32867 4396
30595 6896
1243 55557
8916 42266
12251 62211
4499 36623
6896 21322
42156 1920
38289 4283
27447 30861
19793 40602
10215 63714
7696 59923
35748 23736
23887 38573
36345 1091
5773 39439
22631 48449
4824 25432
33580 44297
46587 24732
47405 6592
24094 29173
41513 18154
38454 53015
27856 1848
36560 27253
43168 66221
8006 53781
45091 45620
11386 9534
7804 63183
51338 55696
42729 61042
1443 55826
40093 54106
16781 5849
20626 61279
21033 987
45776 12333
39338 47077
17859 12374
16046 11423
39966 58299
47368 5661
27522 63116
22972 55311
15221 6436
5400 35810
22927 61048
35399 64248
12177 17408
20198 40773
42734 49820
19425 56892
4041 2272
570 15134
34697 47255
34001 52518
24372 33343
26968 22470
19018 5946
37531 14763
11809 41047
23875 41963
27115 44946
19390 23721
36351 55283
6964 29621
15678 5402
2289 4174
39909 42675
22430 56152
11534 59353
40818 49014
36821 21086
22344 62703
49148 2981
27613 17124
9480 388
49481 30764
8312 63794
38566 26337
49724 16863
43575 44931
23274 22608
36062 60531
48753 27676
23943 43475
25933 30808
51153 11731
4439 43269
2025 33205
9297 61984
46428 18784
16858 43812
40048 7354
16273 39229
13268 4646
47624 6935
6568 58069
35799 45469
29571 43243
33849 46097
48978 33702
15846 21186
25484 48444
27980 54900
30319 37682
18485 628
20293 66193
25125 51903
52219 15878
49619 51774
31532 49149
33726 35930
22182 26626
18109 58102
20817 32475
35859 34586
27896 2506
13559 38220
42950 55641
36579 3706
42074 23487
12906 3408
22018 54893
10747 7851
38840 55612
50882 5821
4552 60022
15347 55429
34799 45972
29465 4779
30233 51070
17025 8284
32302 8713
8543 3936
35652 44281
34635 24244
21279 11589
33602 60297
4399 1068
27706 17812
6471 38217
28912 57604
7576 44496
38851 56951
40220 10093
29046 8920
46126 15983
269 15806
920 40161
13561 23074
29739 37577
20904 62224
38492 13681
6664 52725
24263 16297
1059 21614
51214 16435
26174 4340
40228 38189
48218 51355
16658 10906
14091 63968
29211 17594
23334 177
33053 17728
9525 54245
36591 64895
50902 64839
33799 62072
14442 25025
24533 53507
32902 49449
38660 27519
39380 22682
7579 50420
48482 60180
23491 43798
46357 31171
29114 41114
38476 64757
22923 42869
10352 17895
12859 21498
4071 64976
25313 10459
8135 46750
47871 56172
32173 39545
19696 15555
36707 28476
32446 43465
40140 26190
3511 2217
10721 41510
48027 31936
51737 598
22796 31457
14313 55550
41790 64467
45966 58888
51479 56614
25919 63403
22164 13245
1155 20302
39854 60715
23408 30437
52168 62824
31810 49275
23840 52131
3607 52104
7402 65133
13197 18875
37267 40709
39003 25867
42637 23046
726 30993
36376 9086
13343 58609
27977 18528
9202 26488
28421 44896
32042 13971
21833 49974
18393 16931
39232 7158
34503 47552
40352 24355
37036 11634
36092 33533
36930 45149
16905 18380
37285 63173
4193 9428
45943 6848
26049 59678
38737 31811
34009 46612
43322 11159
51653 7525
968 32891
35560 24060
33716 63826
23505 31727
30408 8148
39264 41067
21343 42678
28251 15317
50704 2712
26490 14757
37641 6563
15043 32565
51010 46318
47696 11482
8363 41708
19903 23597
33448 49532
2218 15180
9916 13335
39862 46327
5952 6504
26604 28269
34993 30733
38806 65501
44473 14191
41213 55121
11269 3563
49594 38765
31661 634
20576 62413
39117 63631
17953 6932
8095 29792
9058 39768
296 55465
1166 41405
39671 58808
19114 39680
7695 23676
654 32091
31888 37832
12653 43885
13945 63812
15737 47559
39532 20907
20350 6421
19574 26218
22846 34665
11680 25450
31745 63901
38874 37941
13745 48563
31965 64462
38690 66118
30755 2965
33173 29185
1183 31007
38824 18499
32949 58718
32836 18443
43415 57870
2905 12731
47442 58523
24493 25235
25041 23086
40124 24832
45465 18971
20937 13344
25061 41484
21042 12588
39893 60789
16696 55282
42699 23117
14307 18773
21134 7875
9132 35832
40041 53237
7500 11103
19321 56816
48854 51235
36868 5170
10086 62876
5675 34014
44899 37922
31185 56637
36915 18549
16931 32034
39277 57433
43691 29020
18443 32427
43331 14135
18910 28006
718 13388
40094 16387
39308 7130
4807 40240
11094 2154
43062 651
42368 31077
20612 8784
18392 34643
751 1425
30771 47604
19663 42082
44336 32817
25549 19124
17183 6966
43496 28593
18630 6716
36164 9625
43841 26096
52133 12760
15262 38759
47414 49826
3749 62274
3116 64273
22962 47037
36778 46322
2457 34221
6419 10361
17031 21610
40276 46238
31181 40852
38602 4817
28228 41249
25544 66023
19743 38365
13263 55754
23962 33820
26293 43176
3444 29273
26979 18958
48599 33860
50211 24307
37041 38410
13252 27541
20050 50640
36744 54652
1641 65951
20644 14070
28159 24785
26154 31782
6149 26834
22203 5507
11066 49199
31579 63157
14226 31008
23379 58795
21075 40219
1926 28098
25406 1771
5763 15660
29860 54477
28184 32244
30854 15166
24215 65534
23670 21127
5493 51010
35450 35045
49573 21387
1744 17829
28549 59071
8602 62006
15713 38476
18004 53677
12615 27319
35079 32450
25403 4673
46284 58693
40232 49445
14940 47525
14355 26565
8085 17121
34226 27203
32432 10227
45626 44090
45828 26916
13142 9634
21400 36838
28510 1762
37488 44320
20050 10075
25483 38635
8213 61148
1787 45275
36584 47414
52143 50921
18665 39153
35982 65045
2583 57089
34190 34566
25825 60483
34106 5424
31515 49537
18627 13548
12885 52150
45468 51875
23122 24790
42145 5862
50592 13076
1505 5618
26776 63440
47590 31931
52062 40784
42896 26067
12313 21639
42288 65702
24502 9924
38472 14619
8836 5785
25319 653
49561 27379
8099 56806
24113 54030
15451 5193
12318 6006
5537 57538
8595 17089
30129 34979
24322 2070
48398 63050
28925 57980
5762 40277
41370 19478
48315 33012
36386 14045
12760 62786
5551 22747
13212 56863
13367 53377
48753 19956
26580 39840
9968 46688
23943 11727
7726 14141
3307 27894
12155 58785
16737 55174
49490 66141
27372 13507
40122 60884
47307 1875
10134 15662
5933 34957
1590 50532
14421 37570
17089 22065
10241 64990
38657 38171
32189 11074
12984 43431
40837 45806
41089 1303
52142 62019
6105 23830
30804 18779
35963 10336
8090 43723
45131 41333
3324 16496
36651 15885
18912 3092
31117 51250
2879 34510
32661 26826
16215 10129
29779 17607
17745 24015
27183 29789
34620 30709
27847 56543
7189 9985
29614 41386
28390 23470
17467 7095
39127 24311
3057 44625
8691 44550
31280 61439
39721 32806
18332 43994
32206 36164
30274 56110
28662 52187
4152 29002
20900 4571
38691 13661
21330 31844
8095 5866
31780 12658
45122 59340
44060 66191
2392 23634
1164 30433
32397 50946
42304 17592
29286 22212
41438 6736
9442 63216
31817 20024
23823 13392
12828 28070
37945 52909
22260 29000
44183 19681
30161 15386
8640 62495
18243 2257
39685 14098
21146 15497
24623 56578
40649 36894
7038 4265
23693 43542
29328 16548
33144 54803
28514 29202
22978 1311
6828 49283
43630 5883
21323 40255
8489 21732
46245 8045
20357 47235
3571 26965
39504 31102
4041 41578
40882 56921
41511 6778
46746 2870
17174 13678
5888 13721
43019 27761
5339 27735
9881 55251
9413 28719
47714 61769
39914 15566
37163 45909
9551 11080
47019 11410
22847 22819
23299 2237
12294 56431
28597 63467
30846 57230
257 33525
43303 62345
28077 22621
43536 61454
32487 60538
1775 20181
46006 62225
1292 49917
46788 19677
6239 61243
43466 315
27052 45783
17585 20017
12306 33971
35651 49591
7211 64166
14806 35866
13000 7302
28662 1276
50085 64868
6199 4997
19119 60519
10311 5982
51558 42218
29586 19776
40005 7250
17799 45118
46360 62222
50317 18304
18482 24236
48040 64337
5666 1222
4186 34835
12774 8501
21343 43838
38185 28475
47234 55733
6910 42548
35782 52615
9289 38172
8351 36994
51800 16635
17314 58949
37548 37240
38194 24286
12200 22733
29593 53084
48928 3091
51538 24416
31623 14054
7109 21018
33789 39901
18795 51040
32023 44663
36299 66069
532 64692
46741 26550
46630 57750
43038 28185
40821 27722
18652 9985
40535 40614
38189 22964
14421 30967
7737 439
11136 46947
11546 36581
35173 45851
41762 30819
13195 15405
23690 51470
21651 5596
30612 19950
40178 7231
32656 52725
49230 7087
23359 44912
51433 41605
45102 9078
35112 31713
26114 29750
31779 23950
30669 65497
47226 19854
40424 2669
18930 18502
33343 60626
38817 63603
15440 13326
50030 62332
34676 10144
30353 65982
379 8920
8659 56403
20247 23712
6071 11071
33237 45055
26837 13064
7390 46091
49612 34746
22092 59525
7902 26470
32970 29229
40947 4147
15110 40063
48618 20737
6190 5576
39710 44075
25599 15799
41492 36434
12768 4608
24972 24147
2702 48292
39909 59124
25111 17412
2496 53236
20267 17810
37226 42622
36561 25350
34458 38162
8878 22467
27587 60223
45942 17964
39604 23026
27245 15824
29158 15144
34181 18601
40814 15912
30592 62828
9763 26530
28947 10778
23628 18022
42950 58763
41476 37589
28370 54121
40445 6940
45113 6717
23050 43824
19663 15725
36530 4449
19758 30948
35081 54652
1521 394
5400 65052
16342 16656
11626 64520
4870 35541
9243 61690
7396 61656
46917 51369
29822 43903
32781 25047
29137 57405
20896 63999
16798 18400
6008 39510
44852 40997
528 20699
26940 50902
33015 62112
6941 59616
5592 44756
5453 6344
44969 30012
39467 60080
805 37141
15062 64013
42424 21222
7695 17991
38541 21529
17622 25700
29538 38367
51653 6246
51181 55881
11466 20992
38344 28368
10874 62257
45018 51641
34834 25612
52242 46534
33011 26707
33449 810
23634 14251
47323 35626
36991 23999
10650 9772
38004 19335
12754 53530
34166 6085
7620 23623
3441 62729
10856 3142
24247 57738
24370 11839
46486 33122
33096 40154
50244 46112
38865 20583
24858 9058
49469 41631
32045 39269
38895 40422
41768 8263
10225 4097
36457 24489
28475 116
38114 40400
45628 43247
14468 13526
38379 57426
19399 48149
20347 23229
50348 51937
44696 62763
5444 62258
20581 35046
40690 7303
41369 47603
30575 13719
20501 18948
11443 64634
47572 22880
31151 13265
40672 59002
35412 48355
37716 49260
22147 22827
12182 32557
51947 7524
47958 12912
27655 20131
34425 48470
40061 57421
6314 34296
12395 52428
24149 6471
40397 2685
11703 43911
51995 38351
6737 20138
4304 65347
3899 46041
34140 51780
49134 62427
25440 64718
16255 33093
33831 30514
3752 31491
25450 57523
6990 9555
38925 55127
21736 39562
47079 39085
6570 36604
19876 10202
45141 53598
35089 11778
8634 4762
18323 58758
34773 57601
27234 27375
2749 23065
20621 3926
31587 24549
18177 27817
32445 2297
36087 47561
8921 40670
2739 48585
42467 1295
30324 57598
43995 29575
11760 5281
1798 60610
41540 55106
42416 59600
17021 19137
51042 15282
29914 50275
21852 11922
17364 41970
30247 65855
2998 52218
50096 62368
14167 22461
28029 4168
45827 21951
51799 26313
47224 41644
33964 20985
27701 65179
47229 45547
44966 58935
512 38104
51494 29822
43511 22345
487 36771
40346 58494
42036 34489
33984 61461
52349 66261
16335 56556
10939 53981
544 32762
11120 42726
21444 22427
41842 61166
7897 39498
6696 3161
41845 36591
25681 28395
10872 4788
52131 63915
41168 21081
41750 32669
46286 51560
19095 26109
45630 16254
3057 8447
40742 50268
36092 64481
28202 34343
28448 16139
51448 26206
8092 63659
29803 57121
26414 41036
44237 27182
14030 24202
12406 4304
50088 33424
5613 53101
27590 30503
35714 56849
19523 30842
29845 65269
47775 5538
22806 30106
28505 27307
16793 58380
6016 5458
50904 44928
47380 50351
11187 15508
46534 28784
48841 64874
3819 52831
18766 5370
17064 35941
24946 18597
22409 55314
47751 44152
15144 49618
35814 3340
22238 23897
36127 34718
49499 50702
9398 35634
13285 9032
50304 3999
31283 17572
37631 30634
9762 24584
2762 3694
32419 26445
32049 26399
46080 15450
34266 52769
49259 28626
38230 5274
26436 64546
18888 37291
38300 1121
48714 20187
22139 25478
17200 3649
3632 22498
31918 19421
43539 59194
49437 55580
3999 36800
25809 44974
24286 6029
32880 6148
27554 32970
9387 28230
20189 43768
33582 27212
4634 59251
29006 34561
20724 19690
23547 2233
50366 42819
5917 23975
9937 44120
20059 22789
24563 53446
35325 64552
49939 24000
39071 46312
26900 43941
1100 13758
27912 22036
7907 40129
24533 44618
25021 42670
36278 35965
20705 6588
12643 31382
44676 13406
5708 32238
38082 25736
38384 34715
40900 34794
13032 35310
32330 43833
16718 30054
2099 35287
33958 16534
8576 45281
45693 2035
30378 6571
17649 3519
28430 63587
41701 61304
6457 17065
43671 3740
21526 44330
29051 33684
3932 8845
14596 34805
1262 2199
51762 25390
48140 58296
31008 9893
26175 43448
26882 49704
18985 45007
25629 5087
21706 48302
47639 38290
48395 25677
38658 780
8345 20806
7907 56230
2353 58944
51979 55796
44910 50898
43376 6283
38576 32914
34696 8317
27311 45724
38727 19934
52238 60360
15127 43236
50870 39851
1641 49197
44122 45737
1778 26994
43279 35437
46864 39909
44281 11793
46483 21951
34797 47984
36580 328
39384 61025
33144 29707
41074 23415
19672 37019
50644 33354
20341 15831
39673 25209
37974 5970
29541 39690
38356 36542
35790 40629
27412 45118
4251 17422
40979 28696
33944 36923
7836 60853
39877 14648
236 33285
12602 49396
42001 38901
39379 7831
25867 47297
50370 57275
13091 62640
31578 5224
36982 58108
31562 12535
4623 21279
7765 41277
35196 37436
19325 9342
25876 30658
38881 61055
49187 30779
48675 62338
35441 28577
12237 34063
15120 36438
44128 65570
1031 35002
39545 33995
5540 7503
45075 21901
28795 32806
36226 5393
32969 57306
16931 27325
37938 47261
29760 35463
30018 26489
19093 64405
31660 2115
17453 23511
25380 37464
15976 29354
11177 52548
7528 48867
35940 65676
8476 61855
21840 11462
21824 38120
21908 6061
15069 58013
31154 7334
39246 10652
1609 35192
3491 46767
52158 31207
35496 50415
39012 62499
21965 57465
28303 37712
11560 39409
44205 54508
29995 27364
36196 33934
5428 9827
6953 15370
43071 43775
40808 6182
35874 39348
39576 62028
50696 33313
43278 20648
31948 31124
2594 36284
7351 49676
38022 59871
9581 16862
7221 55080
41942 3127
12157 45176
9933 22465
2623 60181
3140 4503
15770 6499
23587 31909
40212 8952
21964 33780
31712 40216
39953 37037
48992 60014
47088 3787
18682 59960
33342 27607
51056 64282
23380 23650
1991 941
18305 21837
34758 18317
43196 32568
10132 42490
11367 8034
46064 21964
17264 28265
27015 15449
5446 22026
14924 53030
35210 39942
33206 36597
51045 22077
16697 61248
33763 56728
49172 65894
17957 1871
51754 13834
38473 15152
10813 54708
46066 27180
36502 1367
47419 61299
30661 44597
46641 30050
32993 11883
21127 59882
16459 61475
33865 24243
10158 50028
32354 33977
39160 43030
49558 42666
35787 5381
17445 60321
2747 51129
33765 11253
51056 34143
2483 62420
46434 61208
24318 56008
50146 64386
11087 26820
31736 49361
25210 8163
37281 19722
587 54807
49635 16201
11940 27231
31680 23930
43744 65110
18221 11228
41496 46694
1547 60215
5273 34692
10337 59156
19633 58280
4032 17745
27834 29560
28278 13287
5890 50926
35393 31659
47505 14707
40161 37351
2036 64150
4959 38199
11200 20944
50327 2002
14203 57609
22021 65604
29499 60396
12748 45795
40875 43168
7618 37174
9466 20130
6028 59931
20492 32777
48365 36486
46933 39124
47820 42129
44432 44206
4448 15245
29752 19543
35844 32046
11684 39029
1612 16016
30467 3520
16625 20278
46829 52149
44746 767
21320 38933
12508 11432
1508 18964
28701 28051
51452 19910
50123 3946
18468 25424
34906 23419
25370 32959
37515 61564
24760 5668
3397 13383
38181 19476
47937 34813
24188 58117
1895 1134
21937 17649
4675 64287
37899 25019
11630 31605
39597 34304
39941 51738
3134 20875
36803 64262
32606 9243
14796 26154
11213 33169
52231 63609
40292 24706
20365 60265
49839 2586
32214 3190
49990 34555
27101 44383
12382 44238
47066 46308
6102 57022
25934 61917
45585 54697
9891 1791
2164 58448
32087 841
3362 61209
35382 39387
35308 20508
25072 45639
17859 51624
28702 63274
13828 12660
49063 60780
27970 5270
13232 24503
51018 32309
18302 46812
35883 44717
24456 64760
31824 20021
47272 2848
25852 5396
33420 64063
31211 43977
7597 36085
40737 22963
47823 59072
18032 419
34348 64878
50819 10803
35405 16500
41307 56542
16418 44914
39820 2102
40517 32533
45310 46347
52169 54960
1548 22110
19520 20518
5414 9940
44749 61181
383 50741
51279 44391
19043 25844
18198 47155
49089 19181
36183 55537
23975 43990
46420 9605
35474 10698
21397 32211
46659 29830
2508 53777
52133 43634
37242 1466
43848 27864
4227 20658
16745 7588
3589 23328
2330 4309
26843 12029
24523 55984
21348 3188
14981 33303
23852 15936
42606 2017
32185 60365
49463 15995
6547 2701
17060 52628
42800 28550
16258 14043
11565 19018
44279 22508
18386 57357
9939 25671
11332 28764
11101 25517
9626 5664
4273 20100
32140 16100
6041 2186
48994 61932
30313 36424
27180 21017
38593 38633
43852 43522
5853 17105
50095 25214
50440 65685
7388 25762
20176 48156
46156 32454
34307 10258
13230 10710
4120 54851
33764 45136
30909 48634
29262 5850
8923 46814
4152 48374
11942 26400
29260 23358
41179 53892
7928 34403
48387 37893
4964 4936
40484 30744
16748 4909
42864 49757
23897 20689
7358 38686
25640 58064
505 4974
8726 48198
14612 38979
32583 54168
36004 42074
4349 56258
3694 18506
45267 28071
13101 52702
11489 37045
18336 25198
22686 33482
26561 17674
28199 29938
41448 55466
42772 61550
23630 867
16645 43356
1681 19817
42314 3765
49039 31011
3175 12193
49606 10077
49445 20986
40944 26927
31432 11705
21226 15423
5599 13747
17107 46196
14100 39762
50125 52795
14370 24421
39636 28785
7514 34967
44750 38752
4785 31360
42906 60575
50324 52438
32553 11867
25269 54114
45216 44120
40464 28770
41132 40037
30753 1404
36042 1133
25502 40667
6051 3014
12202 38031
50712 33768
21088 6040
18712 42580
137 10801
10704 46730
40137 42045
15709 48756
37468 45955
33225 5472
7294 23220
11088 63419
47638 33775
9549 10753
14869 68
40069 47068
50785 39104
7704 32839
2388 27166
15832 28765
3206 22674
7479 38923
47969 39515
46459 29528
43857 26450
36195 18071
39630 19131
52078 55527
3904 23327
8717 55164
19963 46167
43960 3002
36251 49917
45238 38876
38216 21252
32560 13278
9051 2662
27988 15349
37082 5029
12012 64597
1037 48431
41824 993
44056 35828
43624 58944
34323 64270
20289 61905
28256 41805
39700 32623
47687 6785
26181 43156
48675 17608
821 29705
44897 37446
16426 47249
51726 64374
29138 5228
34753 56733
8889 9600
17525 15511
44613 53311
28888 63683
37757 45670
8378 17614
26482 61600
18442 64384
46205 26807
23771 56261
8281 9383
45562 61647
46634 61342
44907 13845
44090 49384
49345 18249
31915 29416
47695 40152
20623 41331
12436 2172
11683 40414
1514 41820
28882 24568
14476 11291
25750 44540
29150 42311
7608 29292
46662 27419
33016 49326
51429 65982
25490 43803
29075 9814
24426 31797
2213 61790
2990 39635
29090 24680
21071 57548
17537 40306
42536 10289
51487 44323
21521 18287
43924 35763
16840 54947
6501 19975
9095 4882
46173 22481
51848 17622
7938 30329
14141 58679
41011 62075
47363 45808
12770 45649
38223 19411
22087 23504
8877 11665
25646 11511
42430 65497
16323 50132
10577 53991
38824 32342
6530 60238
37919 51469
29000 184
31908 60173
30160 44689
32415 59360
23960 62151
38965 31561
11898 57634
47996 49356
42248 59136
45035 879
39031 37335
50479 18644
40934 44756
31681 41664
24699 50751
5649 56331
22780 57987
9752 44641
30433 58950
29360 52511
34984 1965
7009 61382
36232 34032
32073 20344
30884 59805
52157 15972
3529 54828
47649 34166
9401 16756
50352 23270
45064 5741
34631 4616
41797 17487
1727 3820
8467 49351
8434 61885
51478 25646
45251 6862
2394 48013
5019 61829
17476 21121
7657 27236
44761 64305
38720 58555
19303 64355
29546 2235
16247 41057
28798 17752
14250 49410
19472 47663
51384 11533
43362 22853
22653 1683
36782 49719
35304 15192
4386 50065
14237 23030
422 15556
7144 12686
26362 10956
27314 41685
12886 27532
51109 46155
2795 8179
41484 9617
16715 48854
25431 22678
44331 19890
47185 65476
25571 46098
28276 32136
5485 8082
41903 47292
9773 330
4393 37244
46523 26783
23767 16665
43923 25415
29948 35850
50949 15962
41328 42920
14427 34130
50856 44588
36741 42291
17406 58039
21464 49907
9793 56875
12721 36886
46813 15909
46928 36662
48427 17199
30396 46994
34361 65439
4815 59711
2376 61143
20098 17305
51368 26744
38985 16607
28788 35592
4760 54530
752 36112
41358 12408
26021 25217
5933 3161
24458 61929
33227 12203
3043 10340
14258 28394
7196 57750
30527 55589
8536 39856
52180 52464
6104 49915
41445 36626
1491 27579
25937 38604
41557 64373
18594 45277
9909 63132
18189 38930
51735 54030
6044 46183
27835 65093
1042 54760
12722 34604
37412 38474
22294 52554
48867 62545
31598 11856
24280 56873
36710 34879
44287 57162
30210 20908
8659 23225
11713 16250
17883 52222
17654 64333
11044 27517
40682 52675
45633 8872
12321 21949
46929 21312
27306 65801
27257 65851
17593 42576
29495 33716
4293 42682
37880 20816
21156 54631
32526 41545
10859 30137
47825 7775
42392 11445
35675 17840
12339 64295
14012 6889
36430 36695
6080 1602
16378 55662
47029 53235
29679 1327
7225 65426
13113 52606
3066 49273
10893 23963
41161 52982
18599 22481
24330 41913
44051 40992
12145 31830
25938 2911
23375 65688
29478 222
12526 12559
47365 37233
30735 4102
19566 33980
8317 744
16120 15525
27285 41458
27839 44815
46841 43345
46623 57432
28160 37851
38864 52712
7877 35160
24799 47435
15140 23706
24389 52800
9801 46219
2249 39663
17807 60222
1988 24140
8529 32911
45078 42206
33000 37856
49350 34691
36187 1430
3410 1665
40596 741
10117 33513
28998 1887
51791 46322
12793 3302
47408 6350
11408 4448
38728 1148
48431 61418
5361 32108
26522 52362
8389 21955
19229 58800
19053 10011
29808 32043
6970 50757
40063 15216
36533 46277
4257 16590
40925 46177
45287 32089
40945 14628
9637 42573
20806 42616
49140 13198
11862 7118
30684 52272
32863 48831
46281 29054
22697 13717
45147 11392
37534 31127
43605 4245
1141 31968
51567 28615
34923 15689
24711 23198
20841 21786
36146 42099
46459 16458
28839 64233
27389 33745
351 28807
35124 32221
44827 64543
31181 64073
11637 4911
10398 44469
35239 42318
4978 49846
12934 51903
27187 54613
17010 2548
7498 62470
16101 60939
34697 25090
20428 18422
13467 21156
20118 3749
25769 11253
45202 37912
8562 50204
5133 24392
37428 25413
18145 32304
12933 17445
47024 31537
40608 48639
51472 18406
11872 23084
19379 12800
31241 1675
35228 24328
716 32105
24363 51007
18767 27278
3481 24073
21887 61056
14088 34547
22496 53283
39414 18103
158 3297
48070 10113
13383 13594
46019 14115
20418 30994
45797 8249
25002 9764
399 23783
25143 38416
15224 30956
36951 8602
17997 32212
34305 19548
43775 1833
20168 36161
29467 45935
31781 25222
25002 1822
1538 3213
4334 40350
11273 39080
26032 12242
37595 22422
51942 16639
3071 21191
764 43996
14222 48506
9165 20461
26886 65622
12180 23140
47248 45020
50892 37885
13749 60573
29302 2351
22165 37001
7388 20334
48859 53014
44927 44601
32568 34046
15938 23684
7209 43968
50871 52507
3608 42369
44602 62381
14980 43476
15669 60687
35172 46736
10622 65191
49869 17325
48641 36541
9558 34833
1452 35183
30926 46137
50053 27177
22167 6744
49729 7137
19729 37265
48774 30922
36776 12028
28078 64936
46277 17312
40425 27169
49253 44150
48591 35815
18092 14047
45369 55438
7816 37569
16467 6238
43383 52430
14588 40747
36438 8564
17637 26337
23459 43093
27687 26787
18312 45778
32884 5662
43930 28250
10526 54504
28831 35996
8515 36444
39433 57856
42856 39311
28536 9650
47127 14390
44909 65893
51738 34077
37623 60977
49052 43675
7417 59521
35557 9911
11061 47324
32722 26894
29315 17231
12429 26446
48191 61870
34290 12984
48514 55400
10739 21982
17753 54497
14488 8024
24334 36374
47599 19959
19479 19375
31708 19684
21457 44137
3346 37852
3337 23650
47742 27716
33159 33809
47464 16321
32517 52507
37046 13154
44647 52456
51451 53667
77 14746
41868 43541
35424 54090
36917 18977
8333 21656
21797 33434
34066 57038
31916 17321
46402 38234
16466 52889
35725 65984
9940 30685
25534 37572
47994 53846
48460 48199
38780 53484
6731 32173
17964 64976
42496 51965
46115 30269
25040 63192
50597 49711
52052 55454
18611 64890
41166 16579
11866 30903
48564 12923
20157 55577
4777 42299
49745 58243
21634 14574
37051 18745
45538 6670
49923 59230
5416 61153
32028 49240
47796 47633
38477 14187
42472 47593
48223 54982
48298 44320
35630 52314
49023 42367
25360 28732
12792 18644
39383 41342
23791 56334
26597 1557
51680 62245
44971 47753
25104 59442
39967 21216
18536 60359
30596 63
51464 9145
594 1945
42830 30384
24881 57222
22969 51381
19292 19740
17592 41162
45275 53656
31264 48883
22456 5454
18492 4369
39013 30953
45858 7221
32599 10921
14963 36412
27298 22007
2248 51817
33485 41258
42158 22730
38630 30364
6145 60811
21642 39199
32313 8868
3242 47922
32143 35557
23483 48990
48644 22689
51657 3989
25835 59524
12840 47783
21196 59083
38671 62704
37296 29140
30875 3178
3152 57644
18985 56814
602 46002
13887 23355
41734 18678
19635 26596
25822 40619
7373 48786
7456 54645
25181 42080
8821 13776
7388 4440
51230 23155
14309 63630
36260 52130
22008 25671
12951 13486
48381 30386
8544 21699
26300 17783
14520 26239
21322 54662
16731 58237
1749 51847
1855 7348
30071 20935
38187 60777
14321 31759
45412 52229
17499 9197
27172 54643
2132 5342
12528 30626
20639 43790
47664 37965
38927 39971
2834 64723
33574 18484
3295 29138
7890 23775
14687 58155
18807 45136
19490 41900
34242 53725
19495 26115
8183 44319
29703 26166
41346 44781
24108 55239
19333 53309
32259 18115
43803 43718
28159 10740
49991 25036
44793 40959
19318 474
16544 15884
18182 30866
4284 32988
21686 63791
37465 39070
21449 56577
29578 16286
21078 21982
21342 56309
24648 38371
29562 20360
26841 10259
30732 40964
43636 23258
6180 14266
38344 6544
21055 17969
34939 51037
11869 23744
34553 17026
25775 47323
31773 44631
906 19821
46411 22230
26591 29786
5427 37699
15006 29149
25444 18561
26037 35472
672 10490
25885 62111
19126 60741
8845 49959
22688 26709
3102 58168
3538 16989
31250 52941
6861 22556
34978 23017
44883 39829
47839 30967
48767 17877
11141 53568
35131 25338
2299 10110
18669 13161
25074 20868
17749 34855
15729 19704
21371 37622
21683 32206
1392 11734
18037 7075
52271 16043
3199 8227
8969 3090
13447 60439
51816 41957
43664 11674
45839 29972
39034 47929
5478 50242
49413 36479
22632 18483
10334 58448
37900 38103
44700 29208
34975 15511
39845 15843
46051 26745
11826 41625
27863 26707
45121 5516
34731 7429
20587 37617
40278 39042
49667 58649
33479 29958
4808 4943
27844 34246
12425 9711
6577 23152
2456 27970
7004 47770
16775 26532
1115 43081
34279 39249
3014 41730
22679 49447
29989 5837
6900 51615
36933 18442
50025 36065
34539 66168
17096 61868
1332 28091
7835 33923
47937 45317
6099 55070
3455 31580
44348 29040
39478 4956
19259 11933
30297 57532
1973 49789
1735 16406
11524 65886
26932 27090
25154 52119
27396 38514
25168 25939
23252 6808
52188 43807
21575 14866
3029 19558
8769 14912
834 40533
7701 9391
37046 55443
51806 38976
25661 33947
375 22651
33585 54008
24832 11767
3441 4983
34360 28527
49943 50014
38592 9921
18864 27221
13544 19955
10563 9922
31125 16702
16681 23388
37123 24909
32316 260
47230 50873
9192 29040
34031 51190
34324 13923
50850 33961
29342 44630
3330 63918
37775 51898
29590 41258
37508 52862
48347 65336
38879 22373
37894 57354
50286 6176
18209 27493
21692 32709
47885 33202
35096 22936
47042 10921
23622 18207
11823 65474
16119 4779
11351 33289
16671 57406
43257 13027
42667 7172
20662 56720
16001 35039
11369 55536
12395 19198
37174 32648
4824 32892
9159 38765
340 2257
8258 55271
8262 31026
51103 21661
20731 15805
31238 11042
42264 18134
27995 23374
16906 11199
31615 50352
7878 20669
42199 22749
39738 64993
19034 19210
28782 19063
17332 24384
29159 60123
34638 25820
309 62995
40572 49217
36537 9505
9859 62734
41220 34166
7467 32334
38799 61383
11852 40631
18201 45367
52125 51732
47699 18348
51038 1148
42652 39896
25535 14503
10397 45560
25459 38756
3032 24185
11923 37050
32606 20208
22740 49970
30706 13847
43072 20957
5470 18167
25204 59558
51965 44388
45982 41580
7077 63954
48027 43397
32296 44002
15238 56836
5085 52992
41233 63883
27754 10515
2954 54705
11534 16528
37459 62595
14681 58461
9089 17856
6252 12538
46820 15513
22315 3064
28455 3622
49044 50762
44114 820
3470 34568
799 42469
691 61574
37690 35583
44970 2407
22586 19855
46538 62697
977 65307
38983 1395
37980 8761
10557 24805
23771 50571
26910 27989
33929 60793
35155 47848
43010 35606
6001 49740
10717 52579
12040 49475
27273 55486
6793 7490
7300 24676
11525 26867
4091 41804
40625 47712
11011 56556
34166 18663
41516 27840
12014 2200
22066 17045
9670 12398
24329 24220
20388 6276
6873 56889
38133 9335
44119 16258
12938 56173
33443 15195
27197 29965
5059 22796
9795 48727
15247 10952
9208 14061
29440 23630
32383 63546
21756 52311
50195 30724
7817 29929
23936 66194
21898 9399
8844 11495
19192 48551
37866 52988
36919 63592
41309 63016
1773 29993
13088 42638
45214 47309
7442 32372
13767 47692
40997 33249
19921 48479
32849 12248
26544 15308
21253 57928
13627 53082
25218 29121
25619 8835
50907 55733
36404 20460
41705 28897
39321 41183
9734 9118
47168 38814
47051 15191
10559 29822
14956 15851
46731 42764
35317 57039
27948 23751
534 24819
13936 32428
25530 60646
12307 21108
41801 8768
39453 40673
52312 48012
12868 42411
39068 1811
12344 18602
39440 287
14137 806
52082 57648
14033 3501
32130 62309
17664 52910
5191 38750
433 24082
3260 12912
45291 55637
20607 32985
36275 46653
11162 31871
11517 17916
13540 1887
16537 24231
28972 66122
7101 61323
47420 44245
51728 58938
12901 6510
47383 44721
45478 56516
17511 41094
5619 27621
1955 36184
2621 2704
30310 54498
29502 13788
38656 55680
35013 16789
3062 38558
48383 34144
26013 28251
51772 33154
30614 9031
47962 60433
28262 52464
28910 42149
13927 2684
29891 61207
45628 10154
22029 31918
10564 45134
36498 14568
27396 50998
15526 14189
33769 66129
26006 25077
39397 55125
35149 36426
26774 19254
11311 38817
35314 24093
40529 47371
11695 7858
50916 16451
17228 1403
39150 56601
15069 65640
19369 32607
16542 57956
39517 26132
26676 34076
5488 3528
40190 53817
2791 1230
20105 22934
28816 50567
17820 62166
38246 22602
16570 36109
23108 41921
5516 8857
15983 28586
45792 38119
9685 29751
928 14754
3387 52262
9122 22151
3686 43958
45191 20057
46030 2886
35907 36154
37755 27594
41345 58368
20508 45725
30523 11754
40364 8514
45605 20004
29351 36545
52226 12493
1452 901
12027 49468
3516 57057
45806 63159
20577 31337
44491 38981
23651 62066
32809 48464
7759 50294
46674 49851
29818 24559
4868 49779
20630 41475
5160 34482
14788 8554
51959 12779
24523 18276
18305 5208
39884 45633
495 8990
40433 42810
24007 1958
13067 32435
39910 23734
10068 639
9852 40478
18617 31098
47401 10038
2920 758
42870 44067
11559 28590
31014 48802
19637 23975
25436 11701
22921 32062
7771 28135