-2,646237	2,903723
-2,82325	3,879152
2,737007	-0,551235
-2,329539	2,71795
-2,099708	2,505884
2,714645	-1,496806
-2,154652	3,143341
-1,716047	2,756388
-2,220368	3,852033
2,709292	-0,634354
-1,775173	2,854561
2,841158	3,798789
2,782675	4,420495
2,600591	3,748528
2,582021	-0,129354
-1,557085	2,576279
1,862902	0,0521
2,142647	-0,69768
-1,582316	2,803976
-2,203751	2,772993
-1,966609	2,663748
2,316718	4,874097
2,951547	3,101431
-2,002424	2,618746
2,453123	4,762986
2,495085	4,284984
2,484949	3,006747
2,068311	4,172038
-2,35134	3,536812
-1,832091	2,510128
2,706521	-0,416843
-1,981114	2,317908
-2,147146	2,138882
2,304757	-0,110503
-2,302064	2,848496
2,583258	0,56477
-2,434269	3,699956
2,3367	-0,070279
2,205008	3,82117
2,749493	3,815364
2,470057	3,751275
-1,464954	3,105682
-2,082293	2,729761
2,312213	-0,561075
2,255187	4,578159
2,186122	4,071121
-1,87204	2,45083
1,906948	4,002333
-2,499811	3,168806
2,195079	3,874045
-2,486627	2,926021
-2,338602	2,907613
-2,135714	3,869199
-2,194771	1,926714
2,041267	3,496535
-2,269017	2,206831
-2,15467	2,60973
2,745077	3,72291
-2,188199	2,959247
2,927907	-0,663374
-1,972641	2,218509
-2,227378	2,101701
-2,610334	2,449533
2,538999	3,885063
2,637762	-0,591152
-1,509009	2,518978
-2,031398	2,012559
-1,86011	2,521838
-2,184518	1,752297
-2,309979	3,434317
3,042472	0,37353
2,91537	0,549654
-2,450317	2,692598
2,414174	3,981452
2,212847	-0,157663
2,11397	4,144993
2,378642	3,935743
-2,040289	3,481235
2,152761	0,123368
1,771079	4,172212
2,537134	-0,295391
-2,457422	1,943317
2,254441	3,507811
2,429827	-0,480766
-2,023619	3,220241
-2,616608	2,190438
-2,151973	3,754523
2,867594	4,015543
2,405562	4,633061
-2,361702	3,20187
3,19923	-0,465824
2,341161	5,014524
1,961145	3,849624
2,516825	-0,293265
-2,391759	3,374752
-2,371508	2,753696
3,060518	0,031168
2,443164	-0,022783
2,61405	-0,296671
-1,974954	3,541331
2,697113	-1,05347
2,839474	2,917004
2,548402	-0,085792
-2,384964	3,167718
2,461296	-0,738994
-2,033601	3,522307
2,756044	-0,571407
2,9183	-1,555075
2,171326	4,419342
-2,281851	2,815485
2,40493	3,922143
2,668956	3,226605
-2,193758	2,879646
2,67598	3,479838
2,626101	0,889588
-2,008898	1,749736
1,764543	3,747682
2,192849	4,530124
2,609697	-0,311272
-2,223088	2,613822
2,331561	1,070157
-1,977522	2,309332
-1,737413	1,324367
2,580695	3,474415
2,108926	4,310845
-2,230262	2,497408
2,746407	0,221728
2,170175	4,413136
2,649809	4,230129
-2,375427	2,184795
2,173953	3,016339
-1,847877	2,565737
2,12612	0,167605
2,154661	3,598847
2,082367	4,093911
-2,000945	3,280831
2,273557	3,805529
-2,659593	3,213227
-1,939029	1,994845
2,411238	3,460316
2,867179	3,432911
-2,075236	2,380061
2,95309	0,371193
3,104936	0,018327
-2,331813	2,431669
2,833987	0,629729
2,666518	-0,002268
2,412738	0,792721
2,64269	3,261268
-2,268768	3,339163
-2,411496	2,449407
-2,610948	3,846031
2,324054	3,474264
1,7644	3,580008
2,276385	3,11744
-2,86452	3,407524
2,301473	3,676025
-1,936493	2,60521
2,126345	4,931329
2,953355	-1,656839
2,361827	0,29282
2,490309	3,710403
-2,487889	2,759911
-1,713949	1,296653
-2,305493	2,201532
2,611922	-0,637998
2,55316	0,152767
3,358405	3,775668
2,516424	4,927824
2,464765	4,037119
2,500888	0,401703
2,620072	-0,639073
2,377591	3,634951
-2,221134	3,071477
3,04164	3,951995
2,450034	-0,433108
2,366446	3,926469
2,378616	0,576019
-2,652054	2,986235
-1,618031	2,31713
2,440163	0,838237
2,196568	4,213743
-2,698046	2,983444
-2,320454	2,349797
-2,389911	3,477966
1,962713	3,594004
2,36422	3,494227
1,877487	4,530204
-2,213038	3,382019
2,952077	3,02281
2,308909	4,550195
-2,237658	2,747071
2,686055	3,310358
-2,710651	3,232324
-2,661529	2,688479
2,694988	4,111381
2,962609	-0,167051
-2,392953	3,470692
-2,36884	4,322633
2,538848	4,142393
2,872444	3,493612
3,031605	0,326291
2,057711	3,276289
-1,946983	2,642376
-2,175398	2,795577
2,48543	0,017472
3,115263	0,287274
2,568098	4,577135
2,478584	0,518082
-2,015699	2,373847
-2,19214	2,104659
2,542562	4,019297
2,209536	0,789025
2,880029	0,22474
3,047547	-0,87105
2,467894	3,255861
2,570609	3,501504
2,677176	-0,736661
-2,308591	3,105695
2,541756	0,641306
1,892379	-0,061204
3,289869	-0,413667
2,371005	3,50791
2,309278	-0,602285
-1,760834	3,272158
3,15043	3,614016
2,208009	-0,739366
2,736543	3,316691
2,354814	4,581205
1,832484	4,368698
2,973479	0,003747
2,031154	4,836601
-2,701836	3,44494
2,235243	4,661978
-2,218767	2,934649
-2,349519	2,519659
1,844972	5,164903
2,403814	3,114627
2,920717	3,870452
-1,751938	3,05912
2,980626	-0,54651
-1,908607	3,349043
2,344092	0,021583
2,756313	0,462348
-2,211517	3,334059
2,741548	-0,932135
-2,402421	3,029848
-2,065417	3,279742
2,242227	4,070484
-2,417012	4,123933
2,242436	3,29155
2,677735	-0,762052
2,311606	3,955719
2,320357	3,107335
2,221268	1,07212
2,615805	0,008669
2,234168	-0,161029
2,505556	4,678015
2,140973	0,591643
2,315626	4,343198
2,754445	-0,248353
2,52886	-0,269775
2,614668	-0,172556
2,472544	4,945352
2,754553	4,259132
2,224815	3,361687
2,34175	2,939631
2,60193	-0,604109
-2,710743	3,246244
2,455868	0,536293
-2,548878	3,859201
2,328105	3,929246
2,140936	3,737898
2,544757	3,362842
3,047807	-1,136799
2,219843	5,269673
-1,777868	2,078649
-2,704257	3,516496
2,631332	4,061063
2,623283	-0,518772
2,263751	3,370586
-2,615403	2,399598
2,715171	-0,836045
-2,319165	1,82971
2,422326	4,300415
-2,480398	3,766532
-2,286324	3,413726
2,338866	-0,886627
-2,593014	3,622229
2,87857	4,37557
1,868117	4,124746
1,986194	4,72625
2,774199	3,382715
-2,213465	2,860345
-2,142425	3,133161
1,755879	4,64598
1,870318	5,4188
2,259168	0,352203
2,589685	0,10406
2,792677	0,383611
1,834659	4,448341
2,667874	2,541618
2,336079	3,46521
2,684459	4,066889
2,886327	3,062439
3,219646	0,31429
3,377355	-0,640034
2,584078	-0,343223
2,779257	2,987493
2,296443	3,838589
2,261203	0,088089
-1,86081	2,010566
-2,1984	3,003054
2,174395	4,977883
2,477346	0,761216
2,865792	3,617982
-1,953508	1,922381
2,754621	-0,95609
1,757177	0,675479
2,637188	4,004243
-2,379661	2,149842
2,076964	3,664396
2,466927	4,409886
2,431456	3,650037
1,898546	4,35036
2,400093	1,329604
-2,058877	2,249451
-1,965714	2,470856
-2,317969	1,905406
2,835297	-0,001228
2,427018	4,094009
-2,114863	3,196215
2,891517	3,214804
2,523207	5,138412
-2,503434	3,231089
-2,214092	2,946924
2,30057	4,061194
-2,152805	1,603787
2,975766	0,626744
2,910308	-0,574917
-1,55037	2,394011
-2,769862	4,173734
2,820263	3,128538
-2,047638	2,154809
2,308535	-0,052447
2,596106	-0,524034
2,193491	4,643668
2,01496	3,767539
-2,166011	2,226641
2,675809	4,061661
2,057367	0,684902
2,479962	4,202179
-1,628595	1,614448
2,364022	2,926532
-2,316829	2,862058
-1,989082	2,513251
-1,774681	1,93049
2,722343	0,58745
-1,631532	2,423925
2,09817	-0,113489
-2,038809	3,035312
-2,332837	2,436499
-1,891837	2,52407
2,888493	-1,048672
2,337243	0,090332
-2,251141	2,118807
2,54859	-0,194197
2,212121	3,929433
2,673896	0,842184
-2,296237	2,991822
2,836778	-0,274352
3,038313	-0,552139
-1,618986	2,325584
-2,737856	3,667728
-2,070769	3,088177
-2,399628	2,957614
2,523464	0,277159
-2,693684	3,699868
1,855245	3,995368
-2,285185	3,363261
-2,628811	2,92962
2,8774	3,473488
2,645383	0,225359
2,622567	0,42164
-2,732549	3,113213
-2,064571	1,91347
2,052967	3,436342
-1,954801	2,238476
2,052359	4,174549
-2,243751	3,902571
2,583741	4,273349
1,956661	4,15253
-1,991978	2,23934
2,776509	0,158407
3,005211	-1,212683
2,368509	-0,39379
2,618824	0,154913
2,128605	3,880073
2,148272	4,016943
2,546782	0,222883
-2,555067	3,442992
2,93829	-0,276591
2,341647	0,597528
2,164199	-0,070548
2,465609	-0,379731
-2,424547	3,294696
-2,272567	3,360079
2,180683	3,87939
3,076165	-0,843702
-1,703676	2,953243
-1,778357	3,100233
2,834977	0,612176
3,038395	-0,020602
2,363274	3,362769
3,139962	-0,99763
2,519221	4,042513
-2,288217	3,958206
3,024577	-0,291174
3,168244	-0,887448
-1,694336	2,696454
-2,475061	2,747273
2,063343	4,976637
-2,785808	3,249725
-2,338946	3,259044
-2,680004	3,747889
1,927996	0,030178
2,689185	0,680459
-2,594763	3,711663
-2,209853	2,585593
2,804136	3,593454
2,480532	3,899984
2,670966	-0,702398
-2,152705	3,763006
-2,106315	1,800035
-2,282833	2,097464
2,328106	0,002945
2,368896	0,96298
1,973695	4,161138
2,701994	0,541997
-2,189018	2,822992
2,396996	-0,027368
2,34956	0,198298
1,842233	0,299752
-2,016763	3,620814
2,256127	0,729181
2,077356	3,880694
-2,017501	2,707847
-2,276502	3,081783
2,705794	-0,485226
-1,686714	2,820426
-2,202505	2,912651
-2,359005	1,730857
2,570902	0,412703
2,387699	-0,235241
3,062681	-0,524077
-2,362488	2,10145
2,294017	0,383728
2,621702	4,254252
2,452224	-0,206567
2,30921	4,718977
2,641737	3,469082
2,069452	0,341966
-2,112723	2,980862
3,002098	0,402513
1,973976	0,760966
-1,9649	3,254978
-1,554562	2,369193
-2,079802	2,638319
2,328375	3,415235
2,177448	4,258734
2,608561	4,107948
-2,120159	3,259859
3,045722	0,121265
2,752343	0,541495
2,625766	-0,144847
-2,41101	3,653674
2,528481	0,306486
2,761593	0,073851
-2,185446	2,474332
-2,249778	1,928931
2,529243	4,462569
3,133408	-1,363572
2,287196	-0,364248
2,469789	0,001221
2,747991	0,254943
2,178253	3,805559
-2,811414	2,909858
-1,610366	2,08128
2,603535	3,939631
2,078453	0,636231
-1,945583	2,516216
2,579961	4,178554
3,135798	-1,259546
2,585102	-0,51227
3,185048	3,415835
2,10591	0,901835
2,770432	0,697585
2,72734	-0,193737
2,90166	3,949989
-1,583744	3,046285
2,428166	3,890586
-2,455397	4,021604
2,678387	0,882335
2,785456	4,294562
2,197746	0,38765
2,211163	3,468881
2,212305	-0,397122
2,514483	-0,332197
2,427304	0,461019
-2,452752	2,252996
2,615657	2,265029
2,364754	3,598696
2,090099	0,319499
-2,217929	2,565756
2,203837	4,888518
-2,061648	3,686617
2,422904	0,677961
-2,344875	3,092118
-2,152824	3,871729
-1,883917	2,628838
2,660569	4,184612
-1,774382	2,836907
-1,999936	2,790555
-2,734316	3,515605
2,400927	4,230971
2,393996	-1,058322
2,15781	-0,051986
1,989155	5,125379
2,713757	0,315731
-2,283413	2,757147
2,661808	-1,374559
-2,403951	2,675235
-1,92972	3,54001
2,445846	0,496323
2,533482	0,741932
2,434856	3,644943
2,655084	2,545228
2,4848	0,195179
-1,654651	2,179635
2,009261	0,884405
3,058315	-0,030155
-2,244275	3,140093
-1,773077	1,726895
-1,82498	2,571057
2,103308	1,006185
-2,145816	3,095897
2,061895	3,58492
3,003445	2,904577
-2,271772	2,941326
-2,093302	1,377533
2,477145	4,01462
2,951042	0,162487
-2,794792	3,672273
2,625696	4,101963
2,800477	-0,151237
-1,954214	2,450095
2,912378	-0,312909
2,689461	0,110283
2,518723	-0,006196
2,121383	3,400537
2,657701	-0,080108
2,311532	3,596122
2,48612	4,812732
2,075147	3,186591
1,773243	4,89243
2,259395	4,258006
-2,340232	3,236145
3,07445	2,815059
-1,830543	2,52451
1,915509	0,323497
2,791958	-1,194972
2,598037	-0,286173
2,152579	-0,079524
-2,026602	3,139655
-2,372506	3,076486
2,249083	0,810236
2,420669	3,687028
-2,127932	1,988218
2,183424	3,681141
2,410887	0,545408
2,878592	2,936565
-2,383697	2,404928
-2,538262	4,469113
-2,650006	3,283418
2,283533	3,495399
2,322766	0,172346
2,711125	4,409346
2,504858	-0,386319
2,794096	-0,051796
-2,21421	2,405148
3,100935	-0,862164
2,691158	3,419851
2,760841	3,898674
2,614513	2,676979
-2,489287	3,346443
-2,051187	1,511894
-2,070131	3,190146
2,423065	0,969218
-2,36651	2,536133
2,004925	1,129584
2,310838	4,060886
-2,913683	3,54433
2,583971	-0,583723
2,283493	4,356852
-2,860643	3,004119
-2,321452	2,402997
-2,568962	2,642859
1,989456	3,770617
2,419863	-0,304938
1,940626	4,094839
2,332635	5,301213
2,301451	0,437853
2,449474	3,469019
2,72931	1,17897
-2,132352	3,483365
-2,388858	2,85886
2,86839	3,275029
2,427791	3,109309
2,731333	0,953253
2,772088	0,090632
2,453057	4,000394
1,802952	4,858238
-1,728817	3,076398
2,682089	-1,110804
2,461003	0,031333
-2,048041	1,95049
-2,729014	3,135972
2,525719	3,112954
2,533167	-0,180887
2,319346	-0,230341
2,251501	3,716698
2,431519	3,827003
2,523556	3,412878
2,609266	-0,9186
-2,338287	3,708356
-2,6798	3,147692
2,736083	-0,295106
-2,785092	2,644255
2,827038	4,323078
2,946268	3,925847
2,610289	0,021595
2,389552	-0,211796
2,230573	-0,095188
-1,805326	2,440406
2,244223	3,259064
1,883658	3,303767
2,160844	3,485152
-2,131452	2,761689
-2,361544	2,824647
3,142845	-1,151973
-1,713316	2,785557
2,973317	-1,0516
-1,831142	3,088552
2,108725	-0,057595
3,058032	4,0697
2,794418	3,857039
2,397713	-0,002068
2,735987	4,217663
2,039016	4,273002
-1,913719	2,235905
-2,451421	2,084034
1,888736	0,816594
2,540391	2,551903
-2,22103	3,193366
2,67084	0,058692
2,572422	0,598571
-2,262567	2,41378
2,889591	-0,389443
-2,126524	2,829824
2,308552	2,859403
2,324041	0,373339
-1,929033	1,745803
1,984352	0,957014
2,955884	3,2103
-2,432726	2,738274
2,329532	3,672292
3,040547	2,998718
2,360584	0,294547
2,252192	0,204027
3,005178	3,860866
-2,557529	3,111464
2,70701	2,779246
-1,55511	2,808849
2,258202	4,895291
2,946449	4,175524
2,410755	1,12443
3,127433	-0,714479
2,786413	4,072699
-2,259403	2,523072
-2,510416	3,418631
2,013952	-0,080568
2,650344	3,580292
1,658733	3,86433
3,257452	3,935404
2,270182	4,115205
2,908119	4,122733
2,237456	-0,899739
2,76558	3,815171
2,992447	-0,580222
2,386843	0,713492
2,619741	0,368695
2,340692	4,214987
2,316988	0,982325
2,315705	3,894702
2,490285	5,009534
1,879662	5,305496
2,767507	3,445771
2,45409	0,186288
2,605494	-1,009491
-1,99216	2,818304
2,530908	3,701095
2,723264	3,825271
2,648576	4,044457
2,436789	0,001994
1,724135	4,326924
2,146939	3,594441
2,41276	3,579224
1,907244	5,073439
-1,88227	3,302991
2,359536	-0,01748
2,696088	0,65315
2,362293	-0,06021
1,905311	3,844279
-2,658204	3,040638
-1,831224	1,751942
-1,934675	2,547569
1,895512	3,785188
2,046636	-0,056969
-2,208941	3,870245
2,219409	3,824212
-2,256801	3,873085
2,477806	4,840686
2,917838	0,62839
1,85541	4,092429
2,14231	3,577434
-2,387748	2,95625
2,468441	4,403516
2,510313	3,998779
2,684934	0,379023
-2,608896	3,794521
2,562429	4,236985
2,774493	-0,739686
-1,851762	2,960764
3,287233	0,023257
-2,399907	3,307586
2,290924	2,840569
2,992135	-1,16393
2,485297	3,262682
-1,780099	2,393489
2,686476	0,527163
-2,598699	3,096298
2,763975	4,436108
2,627803	-0,540253
2,462265	4,531101
2,033466	0,0595
-1,78579	1,859567
-1,695032	2,522669
2,241731	3,411942
2,835577	1,016469
2,824035	0,287108
3,41021	-0,471107
-1,667489	2,734055
2,252435	3,481618
-1,96489	3,233189
2,187092	4,453577
2,240575	3,573298
3,324624	-0,642968
2,458129	0,411681
2,721159	4,099991
3,437074	-0,135497
2,05829	4,404777
2,869865	-1,268698
2,874055	4,64229
2,590736	3,123936
2,489319	-0,503851
2,168462	0,718392
-2,069966	2,082455
2,655372	3,50415
-1,887433	2,875576
2,930327	0,2493
2,147476	4,495014
-2,28868	2,739204
2,299423	3,337778
-2,190325	2,785809
2,449771	3,779632
2,763618	-0,958256
2,163775	5,231189
2,435054	3,229455
2,598366	0,024859
2,998417	0,532311
2,063112	0,286131
2,867802	-0,597634
2,639939	3,387702
2,110344	0,806591
-2,395024	2,982733
2,358108	4,177074
2,522735	3,920348
2,52738	3,874637
-2,305118	2,129102
2,304423	3,843586
2,834959	0,618546
2,726267	0,703669
2,432827	0,652753
2,936737	3,330302
-2,617652	3,365928
-2,193182	2,977918
-2,03617	3,807426
2,404483	4,432526
-2,604153	3,458413
2,753322	3,978684
-1,778436	1,675841
-2,131295	3,31892
2,665818	3,734781
2,802384	-0,295686
1,801526	4,324703
3,301146	-0,05392
2,568812	-0,77956
2,667963	-0,92494
2,195594	0,388106
2,830286	2,873172
2,687824	0,608096
2,46878	4,481419
2,003655	5,30731
-2,391322	2,743396
-2,579817	2,835749
-2,713357	2,706813
2,162577	0,41579
2,140953	4,22868
-1,902662	3,578013
2,355603	3,879179
1,95314	3,311705
2,546215	-0,347105
2,675217	3,89535
-2,130723	3,031501
2,611642	3,810233
-2,470596	3,062636
2,782161	-0,130537
-2,030255	3,273533
-2,348478	3,906972
2,943478	0,338773
2,381435	0,742167
-1,868293	2,408196
2,585331	4,654119
2,943455	-1,300727
-1,568457	2,868594
-1,465074	2,18275
2,404373	0,411243
2,85188	-0,959942
2,245527	5,370426
2,52203	0,515964
-2,380734	3,768444
1,8449	4,377949
2,376172	3,81755
-2,055462	3,80351
-1,906369	1,124386
-2,428229	2,888072
-2,283209	3,467065
-2,550076	4,153697
2,062321	4,430013
2,309952	0,96041
2,256877	3,985996
2,159077	1,174858
2,739401	-1,285419
3,10751	-0,420178
2,793709	-1,13511
1,860746	-0,214137
2,861098	3,619817
-2,030227	3,382997
-2,581207	3,198144
2,646873	3,64453
2,409724	4,756
-2,57934	3,39388
-2,307482	3,350425
2,002793	4,349255
2,527002	0,067513
2,935528	0,250605
3,177708	-0,646993
2,783355	-0,57564
-2,547254	2,398184
2,730707	3,181701
3,046454	-0,55435
2,074367	4,79451
2,111888	3,465095
2,37597	3,962345
2,334319	4,488352
2,23799	4,543314
2,369208	3,763924
2,757987	0,027397
-2,185131	2,153051
2,914441	-0,07128
2,505431	0,059646
-2,118495	2,430103
2,294116	-0,994609
2,348385	3,379805
2,66953	3,184094
2,659185	3,555845
2,464398	0,29978
2,50061	-0,467657
3,308713	-0,762689
-2,569486	3,140323
2,438882	4,176363
3,189438	-0,145074
2,150087	4,606481
2,751266	-1,413388
3,223347	-0,341302
-2,25258	2,347515
1,942514	4,653163
2,44208	3,042353
2,353945	4,878141
2,288899	0,489133
2,956178	3,217274
2,47948	0,622147
-2,291997	3,76978
2,671473	-0,445967
2,494036	-1,045434
-2,117222	2,140972
2,297974	4,476143
2,065175	3,29655
2,909585	2,477227
2,523043	3,849776
2,481204	-0,407714
1,877005	4,099535
2,744427	3,634208
2,485973	4,084711
2,915556	-0,421478
-1,885798	2,762282
-2,407137	2,505635
2,539313	0,368245
2,774071	-1,177771
-1,537375	2,670731
2,4601	3,362932
1,959642	-0,15988
-2,260412	3,83593
2,338754	-0,126511
2,599132	-1,230021
2,046762	5,456282
2,251064	-0,46171
2,866972	-0,013959
-1,830845	1,612703
-2,336599	2,910268
2,517058	2,834206
-2,511135	2,976128
2,379359	3,971058
-2,191497	2,668731
2,428764	3,369088
2,484438	3,861039
-2,035667	2,660177
2,275282	0,309146
3,24989	-0,787213
2,563323	0,446499
-2,533215	3,348111
2,617611	-1,253293
2,928339	-0,902014
2,010467	0,346184
2,285928	3,576565
2,549386	3,405342
2,303	-0,027786
-1,667824	2,32795
-2,471489	2,693536
-1,500671	2,723959
2,510974	-0,627556
2,637808	1,244566
2,775873	0,288897
2,377001	3,988301
-2,697631	2,680387
-1,504299	3,303129
2,356036	3,763116
-1,456312	2,400802
2,745824	-0,882148
-2,547683	2,630552
2,947873	-0,029743
2,317878	-0,96301
2,371826	3,599545
-2,13511	3,13793
2,411293	0,24148
2,482628	3,479884
1,911259	3,476819
3,068419	2,950441
-1,906464	2,456464
-2,855178	2,947758
2,603933	4,475283
-2,278073	1,711291
2,693411	0,157215
2,473659	0,89167
2,224818	5,028389
2,628533	-0,390096
2,362161	3,875613
3,168735	0,258797
2,555794	4,314972
-1,52891	2,449574
-2,315332	2,895113
2,246166	-0,51154
-1,981988	1,90092
2,583072	-0,400079
-2,399936	3,91215
2,117256	4,185648
-2,613629	4,108991
2,444172	2,965849
2,422617	0,179838
-2,667824	3,405471
2,488668	3,668947
2,949111	0,731065
2,47186	-0,316842
2,835251	0,796194
2,129382	0,911466
-2,235509	3,37514
2,406569	4,40373
2,599801	3,295588
-1,406135	2,914311
-2,482286	2,526641
2,58453	4,123993
2,899243	-0,164439
2,428668	-0,857295
-1,783517	2,699507
2,113343	0,494757
-2,327702	2,983348
2,308328	0,913061
2,488764	4,537798
2,305355	0,581632
-2,136175	2,907834
-2,647535	2,767016
2,663361	3,678951
2,8452	0,433005
1,899785	-0,090252
1,612261	4,019585
2,085121	-0,284162
2,403851	-0,072457
3,278801	-0,143229
2,139878	0,187026
-1,911407	2,20807
2,744649	-0,158482
1,909665	0,636624
-1,647531	2,471914
2,405561	-0,292613
2,417959	4,362941
-2,291957	3,361802
2,92478	3,387784
2,51008	0,148336
2,356767	3,911075
2,240278	4,066484
-2,033448	2,100252
-2,659327	3,717761
-1,856429	3,337105
2,965331	3,68056
2,070006	3,931222
1,888212	4,266608
-2,931818	3,779296
-2,362755	3,733971
-2,443684	3,078083
2,096444	3,954852
2,506081	4,235008
-2,180389	2,831407
2,845413	2,998895
2,335591	4,440089
2,085509	4,71198
1,88672	4,329856
2,016587	3,38681
2,320085	-0,500544
1,749763	4,746658
2,719703	3,39417
2,315642	5,12517
2,835675	-0,791149
2,964875	3,207169
1,664836	4,385288
2,792064	2,816142
-1,844934	3,036378
2,099102	4,339261
3,202342	-0,411817
2,645083	0,443121
-2,35925	2,837323
1,877638	3,962452
-2,145265	2,555002
3,157038	-0,144746
3,110189	-0,288054
2,39422	-0,172723
2,057044	0,293867
2,759042	0,521112
2,819438	-0,170785
-1,820925	2,900462
2,641162	0,388886
-1,843599	2,50106
-1,989133	3,256275
-2,253577	2,677336
2,446058	1,092045
-2,032207	2,657972
2,848724	-0,734647
-1,61331	2,400217
2,17976	-0,071405
2,333469	-0,752843
2,612415	4,087239
2,774715	3,634314
2,912185	3,126068
-1,61313	2,649675
-2,045289	3,411716
2,394943	-0,494016
-1,640232	2,328627
3,18415	0,097062
-1,808922	3,106741
-2,412129	4,189118
2,382636	-1,051706
2,037624	0,509478
2,677828	-0,749979
-2,05419	3,368889
-2,77927	2,45263
-2,302507	3,902078
-2,465541	3,028301
-2,017817	2,280712
2,034098	4,275379
-1,627427	2,943123
2,878466	0,059472
2,667398	0,157675
2,199653	4,027594
2,261956	4,309536
2,684071	3,568351
2,21483	4,738202
-1,913755	3,787222
2,112673	3,417378
-2,250305	3,546301
2,600316	4,235813
-2,36636	3,009459
2,73185	-0,416671
-1,786529	2,784444
1,955061	1,057499
-2,382008	2,540361
2,002257	3,880193
1,789218	3,946755
-2,893702	2,694917
3,212776	-0,676826
-2,151857	3,318565
2,54675	3,338658
1,853582	0,772737
2,057194	4,165695
1,93171	0,340098
2,328185	-0,363654
2,37919	0,607127
2,871252	0,09561
2,421261	4,105138
2,568795	-0,190039
3,089305	-0,256246
2,46279	4,279889
-1,73312	1,60153
3,027849	-0,894449
-2,43172	3,478953
2,150111	4,306252
2,596649	4,168146
2,363266	3,894826
2,586591	4,132993
2,084998	0,236686
-2,191366	2,853957
-1,94869	2,939872
-2,229498	3,533074
2,338396	-0,256173
-1,671142	2,191392
-1,961453	2,826959
2,671459	-0,846361
2,255769	-0,553217
2,99788	-0,820932
-2,226247	3,082523
2,336358	4,446584
2,152243	1,095828
-2,032923	2,393796
3,047267	-0,22201
2,990704	3,107846
2,300021	1,021997
2,838461	3,82465
2,065092	-0,058197
-2,642481	3,474815
2,486525	3,153731
2,894093	2,571585
2,692542	0,022293
-2,22059	2,273807
-1,771072	2,37339
2,380825	3,952126
2,611859	-0,668803
2,007885	-0,033095
-2,264268	2,456431
2,708231	-0,287183
2,817487	4,543909
2,493082	4,246967
2,373852	4,249117
1,991709	-0,04344
3,025753	3,358042
-2,141313	2,657858
-2,456608	2,957665
2,839391	4,138476
-2,271224	1,967811
2,58401	-0,228061
2,889061	4,373894
-2,563967	4,193461
-1,951581	2,592981
-1,961844	2,113418
3,163428	-0,952869
2,487446	3,4656
2,711349	4,32507
2,183745	4,278855
2,525951	4,259875
-1,971509	3,468247
-1,854539	2,66875
-2,388492	2,586659
-2,730781	3,651099
-2,677116	3,074915
-1,800502	2,737571
2,217808	3,37422
2,827258	0,809798
2,772294	3,267635
2,166311	3,294908
-2,089959	3,497075
-2,335805	2,774563
2,335735	0,212794
-2,44128	2,995681
2,372143	0,286038
-2,869976	3,68561
-2,186307	4,163301
2,757538	-0,689454
2,801797	-0,479884
2,093681	0,675874
2,038779	3,137213
2,238366	4,091219
2,381587	4,102998
2,041652	0,406859
2,575614	-0,591619
-2,24258	2,34446
2,937821	-0,464625
-1,876481	3,562034
2,27607	3,68526
2,257499	4,576664
2,869631	-0,620369
-2,175422	2,568156
-2,257818	3,102821
-1,751672	2,77045
3,05272	-1,45759
2,445851	-0,281148
2,13975	0,900033
-2,068457	2,857647
2,315489	5,222102
-1,857519	2,813724
-1,804513	2,995913
2,981369	-0,489232
-2,047474	2,257723
2,533326	4,255117
-2,479788	3,139631
-2,137805	1,978798
2,213944	4,469459
-1,529992	2,77093
-2,213969	3,015352
2,647558	-0,210869
1,919675	4,704605
2,815808	-1,463797
2,510246	3,280652
2,357465	-0,057892
2,646194	0,117763
2,787772	3,273419
2,11566	4,077467
-1,970889	2,338249
-2,018366	2,497787
2,342784	-0,706519
2,145377	0,497238
-2,385088	2,600694
-2,596679	3,745208
2,377077	4,442364
-1,889376	2,442049
-2,408902	3,044801
2,38536	4,739471
2,633337	-0,568138
3,232177	-0,453034
-2,239061	2,588334
2,206067	4,706137
2,885084	3,360161
2,904646	0,354731
2,279955	3,281981
2,345841	4,384587
2,54074	0,486368
-2,27746	3,077198
2,014602	-0,119413
2,454649	4,274987
-2,194966	2,682017
2,278401	1,067859
2,717901	3,125901
-2,154173	3,742776
2,310669	-0,254568
-2,859686	3,625282
2,305277	3,343465
2,084363	0,388147
2,769459	-0,068402
-2,336769	3,016611
2,588712	-0,056414
-2,021719	2,694458
-2,112453	2,121855
3,057525	-0,769988
2,87934	0,458733
3,184793	-0,871205
-2,380183	2,922449
2,027548	-0,450502
2,614205	4,541459
2,9109	3,123584
2,38979	0,032899
-2,387262	1,89337
-2,384257	2,427991
2,042201	0,572078
-2,141614	2,391193
2,040675	0,515677
2,793234	0,339961
-2,553505	2,84271
-2,199639	1,678659
1,971621	5,185057
2,480205	-0,27357
2,860059	-1,342339
-2,593175	4,581069
1,773924	4,574338
-2,075024	2,410864
2,529163	0,093751
2,435433	3,078022
2,935147	3,678902
3,058284	-1,21338
2,953007	-0,213034
2,578529	4,092555
2,90212	3,532451
2,219675	3,824472
2,627738	4,482374
2,681948	4,101142
2,471157	3,001274
2,735796	0,406948
3,164576	-0,273572
-1,954791	3,466577
2,550491	0,613479
2,966897	-0,220973
2,394533	4,148489
2,530336	3,788342
2,793527	3,283973
2,35771	3,684555
2,046385	3,134282
-1,924088	1,680597
2,566778	0,394073
1,78532	4,170268
-2,171943	3,985431
2,921847	-1,429418
2,828576	4,201846
2,167819	3,317944
-2,831163	3,1348
2,428512	3,377134
2,556306	0,121138
2,302927	0,841621
2,37163	3,86752
-2,155464	3,02168
2,186625	4,649835
-2,565371	3,558929
2,436787	3,339112
-1,870311	2,739523
2,897885	0,615001
2,424447	4,456048
1,953517	4,557352
-2,354395	3,865584
2,389656	3,856468
-2,420337	2,793065
2,188922	0,059667
2,398272	4,413618
2,982284	3,536957
2,505367	4,209046
-1,754132	1,905785
3,073874	-0,804215
2,254517	-0,098451
2,181904	4,443613
3,316903	3,939858
2,285463	-0,191948
-1,776231	3,092018
1,97904	4,161909
2,552968	0,172715
-2,646442	3,341183
2,886992	-0,289615
2,610562	-0,515617
2,552202	3,797141
2,764687	3,721634
2,093295	4,543892
-2,134994	2,271626
2,125189	0,25443
2,371369	1,340069
2,991102	-1,031801
-2,633765	3,981563
2,086872	1,021672
3,089132	-0,10919
2,193543	3,269484
2,807527	3,876332
-1,759371	2,119716
2,644258	3,978361
-2,449676	2,891407
-2,130648	3,304938
2,212414	0,790145
-2,140632	3,703672
2,302757	4,196844
1,883176	4,247429
-2,267022	3,667338
2,093199	3,488149
2,05005	0,852463
-2,639872	2,170719
2,073678	4,375676
2,793147	0,943426
2,590576	1,159201
-1,973109	3,163899
-2,815423	3,638409
2,36047	0,399005
-1,92491	3,232263
-2,158969	3,30734
2,021409	4,554994
2,450933	-0,2076
2,741207	-0,652262
3,089243	-1,043917
2,205948	-0,283258
2,861569	2,330588
-2,033943	1,957476
-1,809951	1,485515
2,46183	4,354147
2,075083	4,082475
2,809192	4,36873
2,207649	4,083704
2,651836	2,670519
-2,187048	3,091556
2,470391	3,178308
2,086017	0,479667
2,529173	4,041296
-2,298291	1,909139
-2,75299	2,333124
2,521766	2,622367
-2,348158	2,522591
-2,754649	3,447287
2,565872	4,44293
-2,601706	2,437267
-2,205574	3,53148
1,63386	4,494952
2,277549	0,719402
2,43808	0,371747
2,758886	-0,256469
2,253593	-0,464504
1,879368	5,034449
1,940008	4,51168
3,017657	-0,412177
-2,186256	4,154418
-2,186728	2,57789
1,958158	4,745224
-1,93366	3,024283
2,135858	5,263871
2,603818	2,929511
2,823188	-0,703584
-2,208496	3,887823
2,71561	-0,317593
3,045106	2,859224
2,599184	4,208648
-2,348146	2,398414
-1,658143	1,847265
2,72342	-0,625085
2,568006	1,129432
-2,084514	1,939546
1,983204	1,061045
2,560723	-0,006778
-2,371635	2,492573
2,180125	3,253547
2,286678	-0,106472
3,036563	-0,441634
2,037291	3,411341
3,281178	3,637884
1,844452	4,946378
-2,260143	2,646953
2,27969	-0,352933
2,395074	3,738803
2,245788	4,673731
2,464918	1,077122
1,812982	4,8785
-2,128135	2,677297
2,80366	-0,209865
-1,920701	3,765985
2,682959	3,951974
3,132542	-0,446787
2,073721	3,407371
2,550001	-0,265899
-2,38972	3,061016
2,754775	3,70551
2,736876	2,878861
3,016704	-0,108055
-2,833866	3,766697
2,553836	0,214667
2,538884	3,807373
2,308594	4,529678
3,421702	-0,299573
-2,899369	2,526131
1,864612	4,222172
2,679941	-0,745747
2,356389	4,159039
-2,511044	3,046176
-2,134684	2,714635
-2,407921	2,961978
2,315182	5,426228
2,32757	4,134852
-1,638734	2,611436
2,868738	3,179374
-2,055591	3,714531
2,532943	-0,095784
-2,539889	3,410049
2,772403	0,422768
2,059468	-0,116073
2,732394	0,729215
-2,147664	2,599802
-2,063547	3,125849
2,085835	5,29467
2,799471	0,038128
2,664243	3,377091
2,37059	-0,240344
2,681926	-0,587156
1,907428	4,911292
-2,489453	2,293458
2,933125	-0,610776
2,471192	-0,92503
2,286304	4,37725
2,423081	3,435175
2,240924	4,547074
-1,705679	3,453084
3,24033	3,406952
-2,522391	3,124548
-2,480451	3,507465
2,921397	-0,11423
2,886046	-0,018198
2,711643	-0,881054
2,696865	-0,848812
2,472611	0,630285
2,742886	-0,879709
3,022715	-0,757582
2,601708	3,504417
2,254121	4,45317
2,056742	3,950131
-2,411824	3,922492
2,543588	-0,836197
-2,533101	2,755095
-2,384273	3,34308
-2,363109	3,268692
2,196135	4,792305
2,214162	4,29719
-2,313528	3,470543
-2,187258	2,051563
2,343423	-0,836114
2,47586	-0,389852
2,975342	-0,572054
2,302662	4,280284
3,34198	-0,582155
2,465561	-0,367496
-2,011227	2,96537
2,849449	3,102044
2,481826	-0,232474
2,837133	-0,918591
2,488082	5,084503
2,626698	0,146537
2,24553	0,764613
-2,49491	3,271573
2,575677	-0,250933
2,956092	0,221412
2,547745	-0,119138
2,495165	4,856677
2,88957	-1,036467
2,54339	-0,545484
-2,496879	2,697244
-2,523326	2,83623
-2,120901	2,569835
-2,024712	2,942654
2,362705	3,223691
2,893038	-1,395853
-2,06627	2,703906
2,263177	4,697003
-1,885275	1,806472
2,537192	3,691826
2,469089	0,309438
2,462234	3,201161
-2,081042	3,371042
3,13093	-0,042606
2,799838	3,145036
-2,301753	3,203288
2,304989	-0,413747
2,184479	3,884701
-2,42348	2,536297
-2,217846	2,778025
-1,748659	2,880725
-2,728048	2,319872
2,571813	-0,139131
2,416094	3,821759
2,347552	0,627105
2,765799	-0,564535
-2,800273	2,657433
2,306675	3,476282
2,587544	4,25353
-1,731538	1,48279
2,520486	3,327038
2,596309	-0,474159
2,929887	-0,879668
2,317304	3,806058
-2,615012	2,86483
-2,372611	3,727311
-2,695672	2,944572
3,034771	3,236642
-2,280187	2,153259
2,554698	4,249814
2,780479	-1,097441
2,182342	4,06815
1,925425	4,655001
2,691288	3,911301
2,107672	0,233741
-2,061131	2,817411
2,349019	-0,643475
-2,182186	3,577318
-1,782049	2,920004
-2,079493	2,349746
2,716004	3,389934
-2,462214	2,858219
2,418266	0,481472
2,196594	4,579682
2,561965	4,08509
1,918193	4,684529
2,662218	0,730765
-2,365209	2,440828
-2,351627	2,26506
2,138651	0,307036
2,2157	3,41951
2,685208	-0,23209
2,116951	1,655924
2,466145	4,89593
-1,877455	3,724322
2,38881	3,947683
2,645412	-0,130849
2,632018	3,633363
2,187509	-0,494999
2,694735	-1,341499
3,110435	-1,317148
-2,691084	3,120744
-1,681296	2,30038
2,228461	4,183351
-2,792124	3,357977
2,593988	3,617545
-1,702534	2,261892
2,442439	-1,042356
2,658923	0,019475
2,52959	0,136976
1,965771	-0,064829
-1,918975	1,627269
2,461822	3,955313
2,69623	-0,500401
-2,2944	1,781191
3,100071	-0,642786
2,588772	3,985114
-2,682542	2,707723
2,381032	-0,606105
2,640291	-0,079108
2,225643	0,198299
2,648194	2,403506
-2,878793	2,961443
-1,806005	1,867194
2,179559	0,674477
2,333163	0,751981
2,431326	0,394699
2,48117	3,538315
1,95934	4,663099
3,233481	-1,038723
2,238022	0,705327
2,090274	1,319946
2,339778	3,078683
-2,232726	2,920009
2,117962	3,176454
-1,784073	2,683481
2,315123	0,380548
-2,409683	3,290265
2,333731	-0,279554
2,467076	0,375616
2,345022	3,627165
2,683136	0,115204
2,454359	4,024362
-2,25468	3,208418
-1,861139	2,48722
2,390672	0,139639
-2,577197	4,213884
2,467673	-0,13774
-2,641272	3,450804
2,968129	4,004486
-2,062081	3,195076
2,021638	-0,497962
2,058719	3,740823
2,603718	4,934142
-1,776702	2,576873
2,443627	4,04054
2,147868	3,328093
-1,701577	1,808967
-2,845717	3,101016
-2,365117	2,628148
2,759169	-0,383734
2,546292	3,682433
2,36502	3,42345
2,626158	3,242588
-2,182448	3,358883
2,301624	-0,055748
-1,93825	2,052765
2,852266	-0,590033
3,156357	0,065669
2,620609	0,212051
-2,493658	3,344414
2,564472	-0,417277
3,171611	-0,743851
-1,833042	2,302137
-2,211376	2,547907
-2,610457	2,868713
2,357251	-0,529575
2,990787	-0,317223
2,354442	1,676021
-2,23972	2,426271
-1,882835	3,038605
2,318601	4,196456
2,162232	0,735231
-2,153934	1,543047
2,166824	4,265886
2,624986	4,251503
2,2514	0,916815
2,85541	0,473232
2,930243	0,370162
-2,460689	2,536324
-2,51847	2,65022
1,842148	4,45788
1,886355	0,658211
-2,191836	2,764508
2,515647	0,690535
2,777603	3,268168
2,189583	4,078211
2,803457	-0,524548
2,482779	0,76617
-2,019435	3,308662
2,318939	0,098757
1,990709	3,13026
2,795907	0,172907
3,192154	-0,217962
2,013553	4,335001
-1,828878	3,01521
-1,920825	2,263923
-2,123282	3,190715
2,391719	0,325849
2,641204	3,062529
2,677586	-0,238619
2,721633	0,584409
-2,287185	2,586167
2,682795	3,896216
-2,264893	2,072365
2,609466	3,950219
-1,794069	2,038361
-2,379876	2,683389
-2,034778	1,845297
1,788352	3,779825
2,781615	-0,355306
2,659083	0,76956
-2,210808	2,534365
-1,868183	3,23658
-2,447755	4,315216
2,595964	4,546818
2,240517	4,741165
-2,117294	2,845304
2,936363	3,887134
2,258204	-0,033172
2,406519	0,875937
2,567823	-0,176638
2,632806	-1,108698
2,561772	0,296751
-2,247107	3,684617
2,976876	0,073573
2,932839	3,307915
-2,263502	4,29275
2,55397	-0,424211
-2,092467	2,640527
2,728454	-1,434836
-2,138723	3,325536
1,835687	-0,263424
-1,967805	2,398203
3,312548	-0,715995
2,497963	3,627911
-2,336975	2,884372
2,354379	3,507621
2,481344	2,742179
-1,667649	3,101213
2,699542	3,496327
2,414706	3,781849
-2,795363	2,609391
2,701797	-1,119223
-2,696175	3,107984
1,782445	4,290102
-2,228433	2,631331
2,055218	-0,753062
-2,388463	2,588198
-2,834688	3,756867
3,206993	-0,553607
2,605923	3,422332
2,457949	0,665909
2,63877	4,081345
-1,510583	1,817745
2,308378	-0,004016
2,767582	0,022272
2,838449	0,650501
2,387415	-0,079651
-1,902366	1,239531
-1,799796	2,18356
2,268868	0,416697
2,012509	4,679752
2,269807	3,678231
2,694409	1,15999
2,500863	0,020308
2,333012	5,204869
2,260777	4,322835
2,597799	3,575061
-2,022783	2,656542
2,289716	-0,084356
2,77959	-0,089756
-2,737801	4,132186
3,146374	3,276494
-2,434295	2,95544
2,606857	-0,212905
2,446962	3,83565
2,662068	0,851451
2,220809	3,476884
2,429477	4,088131
2,585475	0,458665
-2,288404	3,207497
-1,884637	2,617404
2,205211	3,631108
2,855681	-0,485764
2,418686	3,61638
-2,261296	3,491766
2,056565	1,119635
2,798726	0,307322
2,891749	0,054052
2,519894	0,927829
1,891825	0,248201
3,112464	0,38628
2,802595	-0,964884
-2,071329	3,294299
2,386324	4,757463
-1,630072	3,063039
2,957883	0,124057
3,033056	3,541074
-1,906272	2,296731
2,720967	3,235404
-2,857144	2,369739
-2,361263	2,531847
2,743834	0,395574
2,621987	-0,629669
-1,986887	2,996591
-2,131737	2,850467
-2,391083	4,140675
-2,270156	3,663499
2,902935	2,659041
-2,550166	3,340579
1,916792	3,452019
2,682036	3,603141
2,237785	3,321325
-2,466295	2,695188
2,542794	4,152201
3,25071	-0,115879
2,21944	0,928106
2,612559	4,070749
2,757897	4,725209
2,515492	0,710207
-2,380837	3,323758
3,003926	3,805994
2,209671	0,21387
2,904206	-0,60076
2,052585	4,312916
2,845047	3,608983
2,764317	-0,316175
2,524323	-0,384165
2,565946	2,756629
-2,086412	2,317091
-2,641733	3,416888
-2,221465	2,332364
2,301512	-0,115644
2,812414	-0,608274
3,140494	0,028539
2,349462	3,501157
3,106575	-0,839526
2,384601	3,85339
1,982549	5,041672
2,826025	-0,942123
2,589549	0,246516
-2,033684	2,688452
2,845319	-0,332641
2,246591	4,198916
-2,313811	2,876366
-2,377275	2,694045
2,958698	-0,697047
2,689375	-1,305322
-2,609605	3,937522
2,6657	-0,029814
-2,040351	3,193224
2,304085	3,938359
3,123194	-1,207551
2,091904	3,419178
2,051157	0,348904
2,696314	-0,46407
2,398819	0,058733
-2,157375	1,569697
2,822357	2,876368
-2,506101	2,995337
2,657382	3,395079
-2,359602	3,425532
-2,094081	2,824317
2,134266	1,075948
-2,559839	3,14803
-2,103516	2,935906
2,053522	0,238106
-1,735756	2,669998
-2,089569	2,408798
2,006114	0,865169
2,886608	3,499851
-2,131336	2,558198
2,055396	4,206541
2,277583	3,386927
-1,407186	2,162781
-2,007713	2,140478
1,866299	3,594193
-2,227511	2,655226
2,563572	0,334657
2,257822	4,253344
2,479018	-0,019771
2,241534	4,470593
2,53975	0,421082
-2,52784	2,687357
2,516744	-0,46357
2,043403	3,7577
2,914884	2,974444
2,790594	-1,511241
2,230676	4,293293
-1,718383	1,614334
2,544368	3,518749
2,575957	-0,184262
2,814272	4,619379
2,523507	-0,515158
2,94613	3,849186
2,521941	0,562755
2,419228	3,79069
-1,954857	2,817498
-2,726466	2,999483
3,120408	0,379013
-1,881779	2,874854
1,89394	0,026169
-2,091813	3,411222
2,589156	4,668183
2,52496	0,248684
2,638964	0,734542
1,998879	4,434513
-2,429696	1,936615
3,221706	-1,017918
3,206954	-0,537491
2,179585	2,882573
-2,360434	3,602339
-1,882389	2,730193
-2,284304	2,822534
-1,772774	1,793357
3,199752	-0,93026
-1,895993	3,645983
2,339453	3,75409
2,854074	-0,447084
-2,270189	2,541639
2,233803	3,709457
2,050663	-0,372964
2,640957	3,298032
2,562729	-0,599846
-2,923067	3,41657
2,485982	3,672263
2,113104	4,371913
2,503793	-0,445596
-2,136533	2,699346
-2,656738	3,802594
2,026487	4,315235
2,819313	0,606323
2,699337	-0,393637
2,702501	4,395084
2,287083	0,015207
2,544464	-0,014186
-2,242372	3,74169
-2,058981	2,870917
-2,393085	3,128611
2,230044	-0,108662
2,09261	0,996701
-2,512592	2,902544
2,681098	2,98023
2,539222	-0,639806
-2,332105	3,224784
2,429742	-0,179489
2,572404	3,339727
2,757802	-0,386764
3,002564	-0,322085
1,858295	4,191649
-2,289961	2,053862
3,086312	-1,570897
2,801051	-0,52436
2,218602	-0,099666
2,567272	1,09903
2,473293	3,828656
2,186095	4,959158
-2,228578	2,65605
2,298729	4,660012
2,587118	-0,823599
2,051621	3,08106
2,515639	4,905083
2,490203	3,747154
2,324446	-0,210201
2,370007	0,612019
-1,839113	2,184052
2,230877	3,935733
2,395241	-0,918759
2,565307	3,262034
-1,857928	3,405037
2,337278	4,053746
2,961806	3,352754
2,602115	1,206884
2,439194	3,789522
2,552984	4,601257
2,666152	0,437321
3,291734	-0,521231
2,998132	3,169147
2,777251	-0,111196
-2,520728	2,969752
2,741329	-0,212706
1,795064	4,585133
-2,445561	2,761157
2,31498	4,776694
2,853796	3,878097
-1,777761	2,889537
3,266213	-0,740965
2,152719	4,05647
-2,143499	2,794348
2,110103	4,864958
1,766822	3,972133
-2,330082	1,882881
2,285403	4,457837
2,292056	3,364104
2,22824	3,675817
2,946861	0,776078
-2,429338	3,073422
2,203217	0,374065
-1,581665	2,4007
2,370371	0,111277
2,406985	0,380302
2,497604	0,238547
2,397703	3,909058
2,123384	-0,581583
1,969826	5,271099
-2,251079	3,032462
-1,896831	2,485522
-1,715868	1,729005
2,836702	3,924973
-1,953863	2,630641
2,743983	-0,34179
-2,182743	3,241174
2,51084	-0,287053
-2,005254	3,492188
2,675773	1,196415
2,54167	0,670556
-2,284575	2,658269
1,730828	3,986569
2,075029	4,183329
2,978946	3,315768
-1,95205	3,100828
-1,573482	1,758591
-2,183272	3,793092
-2,190307	3,783565
2,28996	4,543964
2,735398	0,3456
2,516144	-0,534728
-2,220901	2,52294
2,190907	4,287002
-2,290318	2,798282
2,721715	-0,217303
-2,450025	2,554885
-2,361576	3,818115
3,057015	-0,782336
3,194037	-0,187174
2,507566	-0,419202
2,416624	4,744951
-2,072312	2,108851
1,928921	4,459812
2,744423	0,371536
2,051012	3,992541
2,714986	-0,200021
-2,271024	2,203466
2,481078	-0,211201
-2,524937	2,253766
3,11004	-0,603651
2,401228	0,624169
-2,146525	2,363394
2,045647	0,89117
2,78477	-1,204042
-1,928497	1,624657
2,856501	-1,218171
-2,714111	3,505979
2,097721	3,816027
-2,218908	3,692141
2,24051	4,604829
2,33264	-0,728781
2,75228	0,108465
2,897479	-0,401894
2,324203	4,355672
2,608263	0,575677
-2,043874	2,506727
2,199614	1,016687
2,403506	-0,091186
2,289404	0,485332
2,09063	4,101182
2,003111	3,412325
-2,075804	2,299348
2,282994	0,547614
2,265295	3,323683
2,895326	-0,632947
2,961902	-1,022685
2,193497	0,836518
2,710539	0,059807
2,247556	4,544821
-2,047487	2,49165
1,778165	4,739187
3,014864	0,165168
-2,69519	2,746126
-2,511583	2,245119
-2,137148	3,024307
-2,045885	3,055435
1,851033	-0,485287
2,413235	4,490312
-1,576295	2,704056
2,483599	-0,267557
2,55885	4,205058
1,876446	5,245529
2,157956	-0,125474
2,84441	0,604155
-2,021775	2,07269
2,191639	0,535824
-1,437587	2,18768
-2,514629	2,756416
-1,62789	2,329965
-1,817572	3,293974
2,669893	-0,510751
2,912479	-0,830905
-2,833475	3,165639
3,048807	-0,496265
2,156218	4,483367
2,723359	2,77125
2,948693	-0,46591
2,95404	-0,44755
1,948369	5,041866
2,364911	1,226805
-2,912855	2,963601
-2,422077	1,943494
-1,795045	3,729493
2,842454	0,180399
2,504882	3,716727
2,733814	4,045685
2,826946	-1,002298
2,380366	3,737812
2,442357	0,75549
2,450351	-0,865328
2,634595	4,535466
2,290453	-0,66321
1,955912	4,072752
2,739802	0,003713
2,374319	4,811171
2,443688	0,24986
2,836986	3,366332
-2,186419	2,810361
-1,803902	2,895076
2,576542	-1,286332
1,989334	4,622255
2,249548	3,919104
-2,4089	3,432626
2,232817	4,130821
2,403369	3,969363
2,816705	-1,114027
-2,181172	2,545501
2,001245	3,812347
2,377955	3,387493
2,427239	4,73301
-2,235143	3,691407
-2,323738	2,867105
1,984628	5,783384
1,947081	4,65271
2,217272	0,009987
-1,830588	1,734406
-2,411322	3,282462
2,643553	4,282575
3,231939	-0,845137
2,948399	3,715855
2,487771	4,869284
1,800926	4,351878
1,997156	-0,176402
-1,982711	3,301171
-2,275459	2,158149
1,693623	3,940113
-2,447547	2,406599
-2,45809	3,049336
-2,278517	3,175426
-2,436134	3,471718
2,154422	0,935688
3,50118	-0,403435
2,301513	4,153472
-2,410116	3,469707
2,098776	5,271901
2,75273	3,089668
2,779013	2,460641
2,461636	0,307648
3,072561	3,898382
2,559495	4,535435
2,875653	-0,554128
2,613317	4,379182
2,817678	-0,663626
-2,988201	3,252503
1,687546	0,259041
2,13673	4,317453
1,900465	3,67899
-1,863599	3,611833
-2,134784	1,592564
1,856187	4,026516
-2,125883	3,012785
2,69757	0,587536
2,366761	-0,173896
2,295918	3,243074
2,481834	3,498034
-2,514837	2,420516
2,290152	5,005387
-2,479554	3,713456
2,082235	4,440363
1,849491	4,134227
2,756474	3,538927
2,028891	3,629534
-2,56198	2,662968
-2,562958	2,429643
2,23429	4,360263
3,155544	-0,753701
2,666351	3,853627
2,305782	-0,68518
-2,47974	3,317335
-2,192671	2,701652
2,220129	3,837097
2,973357	-0,034105
2,11057	4,675475
2,382975	1,420911
2,06525	4,209078
2,662902	3,93922
2,504365	0,557743
1,973575	3,759368
2,308145	0,362624
3,034008	3,869848
-2,262955	3,018276
2,627849	0,317526
-2,441986	3,442001
-2,343179	2,696216
2,697812	4,400846
3,078467	-0,311146
2,533857	2,92968
2,708219	0,064281
2,931286	-0,230653
-1,974654	3,635417
-2,23652	3,719838
2,931025	0,041365
-2,302578	3,999251
-1,985976	1,749935
-1,672742	1,989689
-2,192772	2,613266
2,154305	0,251801
2,218714	4,734208
2,989031	-1,381678
2,625703	0,650346
-2,6248	3,274456
-2,754993	2,730731
-2,301834	2,740828
2,70512	-1,02232
1,75814	4,886643
2,461642	-0,705027
2,320835	4,935154
2,208698	4,112602
2,905662	-1,340044
1,883763	4,0467
-2,194846	2,926896
2,782926	-0,004204
2,295952	3,511091
2,159807	4,326352
-2,890476	3,264399
2,438999	-0,310905
-2,04358	3,001857
3,008907	-0,484467
1,85531	4,135513
2,825187	0,172603
2,408628	2,860299
-2,191848	2,739258
2,065359	4,554231
2,099905	4,032723
2,666364	3,335737
-2,096789	2,622281
2,289985	0,659008
1,73708	4,868378
2,585692	4,155436
2,482429	0,207273
1,815891	4,412869
-2,174488	2,375157
-2,002436	2,277852
2,786623	-0,403424
-1,817062	2,596539
2,962349	0,302192
2,398765	4,420468
1,991774	0,127621
2,553157	3,36516
2,736991	4,327249
-1,742366	1,923451
2,539628	0,054831
-2,07888	2,524598
-2,055632	3,286256
2,376135	-0,778598
-1,863721	1,922773
3,185783	-1,120741
-2,064985	2,828937
-2,585948	2,780148
2,486995	-0,18382
2,257126	0,251851
-2,268703	3,452012
-1,926846	1,659317
-2,212547	3,298243
-1,98129	3,134885
2,095919	1,357447
2,407914	3,880823
2,487079	3,220688
2,18738	-0,369051
2,38134	0,17038
-2,046568	2,765945
2,725811	3,077508
-1,827396	3,594554
3,293496	-0,434419
2,688259	-0,286093
-1,936743	2,705064
-2,996587	3,769495
-2,034897	1,510312
2,298333	3,661272
3,123214	-0,239259
3,206712	-0,701296
2,139622	0,010525
2,668599	3,76883
-1,837757	2,390364
-2,105362	3,914567
2,771325	-0,056105
-2,118362	3,884212
-2,079792	3,117942
2,478258	4,127352
-2,076877	3,890887
2,377136	4,133262
2,413584	3,084319
2,611153	-0,110191
3,279831	-0,358659
2,522947	0,792267
-2,677372	3,651811
-2,228401	3,240404
2,109967	4,783933
-2,662581	2,899477
2,745618	-0,38837
-2,571856	2,580258
2,551001	-0,148371
2,177409	0,390896
1,991228	3,635306
2,524799	-0,421228
2,37962	0,155747
2,082593	4,692484
2,908846	2,726004
2,340892	4,057748
-2,781585	3,723298
2,16874	4,761438
-2,304419	2,903091
2,702958	0,595871
-2,424144	3,744751
2,771985	0,429857
-2,60936	2,729312
2,608044	2,675797
2,299224	-0,392365
2,331156	-0,355722
2,343616	-0,46917
2,813987	4,475807
2,463151	0,621408
2,624375	3,329232
2,047575	4,364216
2,212681	0,273764
-2,782657	2,787552
3,090591	-0,874376
-2,17072	2,759858
2,217504	-0,155767
2,858663	-0,334043
2,410711	2,897537
2,076043	-0,188601
2,165236	3,779027
-1,89045	1,385601
2,10948	3,86326
2,292692	0,027598
1,891769	3,992403
-2,025	2,249314
2,264577	0,725251
2,452458	3,462778
3,058648	3,091752
-1,879473	2,8505
2,687077	4,16722
-2,038349	3,109031
2,440505	3,997241
2,300952	5,080497
-2,549538	4,180989
3,264846	-0,81933
2,398356	5,180184
2,707415	3,874576
-2,108254	3,200127
2,502198	0,912411
2,694327	3,248658
2,040113	4,60355
2,281431	5,368252
2,191867	0,123663
2,930724	0,501049
1,96139	4,669099
2,223478	0,248115
3,129744	-1,123764
3,111269	-0,964538
2,550074	0,128808
-2,453026	2,910884
-2,334155	4,350719
2,656889	2,80821
2,990572	3,688097
2,170701	4,296285
-2,455137	3,655518
2,8127	-0,562007
2,595756	1,342216
2,293849	3,349713
2,674967	3,714327
2,394191	4,241271
2,13751	4,366735
2,594763	3,004722
2,357659	4,481831
2,38321	4,270187
2,577592	-0,058707
-2,812411	3,640323
-1,817885	2,340776
-1,942603	1,730496
2,724548	4,084408
2,752448	3,651471
2,22589	3,852262
2,521083	-0,083762
-2,259563	3,687171
-2,292633	3,333973
2,637791	0,570158
-1,811904	1,539126
-1,917133	3,727172
-2,875428	3,455769
-1,872638	3,004413
-2,368478	3,231565
-2,348243	3,416789
2,258221	3,62662
2,460838	-0,054922
2,87011	4,201872
-2,341988	2,45805
2,680589	2,330661
3,087459	2,789578
2,173195	4,878887
-1,933422	3,179581
2,645205	4,550204
2,10342	0,489655
-1,514567	2,022824
2,892081	-0,857304
3,000141	-0,853269
2,406864	3,946143
-2,535145	2,72384
2,024948	0,580943
2,577469	4,418956
2,638891	0,95088
-2,17534	3,502208
2,28722	4,655983
3,00916	-0,08748
3,248001	4,135093
-2,581853	3,342958
2,785131	2,312731
3,10066	2,964313
-2,261937	2,720373
2,071024	5,022092
-2,158495	3,055632
1,815985	5,006247
2,454803	3,045997
-2,951645	2,648669
3,061348	3,81332
1,80697	0,34421
-1,653759	2,957519
-2,54554	3,69332
-2,524422	3,176343
-2,407377	3,044617
-2,192894	3,112077
-2,49477	2,877726
-2,255268	2,632969
2,221073	3,388636
-1,758055	2,673088
2,333786	-0,876653
2,722748	3,675104
2,784773	-0,079953
2,973168	3,395708
2,436994	3,489658
2,761538	-0,40118
1,946892	3,883578
2,678092	0,633915
2,202285	0,936433
2,479859	0,030429
-2,063041	4,022136
2,890311	-0,210605
-2,057929	3,8648
-2,554459	2,840449
-2,522796	3,707613
2,521358	3,847635
-1,947302	3,704613
2,450011	3,654824
2,138915	0,806786
2,45792	3,302226
2,237564	0,865833
2,835329	-0,737796
2,736628	2,877586
2,417758	3,80002
2,772402	0,757006
-2,043837	3,017496
-2,480545	4,080322
2,482978	2,451191
2,274638	3,21809
2,974766	4,012539
-2,060698	2,343304
-2,125327	3,205634
3,135079	-0,258628
2,143505	3,877757
-2,45458	2,701413
2,513191	0,565305
2,333698	-0,502573
2,119367	4,14418
2,29037	0,316914
2,648331	3,713138
2,361301	-0,333453
2,90028	3,235976
2,68638	4,538414
2,763453	0,600685
-2,12597	3,127019
-2,322411	2,719537
2,134543	4,3124
2,986179	3,479353
2,689245	-0,437373
2,060859	4,404408
-2,129105	2,691073
1,978101	4,100216
2,280286	-0,500447
2,67423	-0,197403
-2,103239	1,680052
-1,747035	1,919476
2,319314	3,035364
2,341266	4,255194
2,512016	-0,050039
2,566065	-0,835922
2,681228	-0,545852
2,145788	1,565402
-2,292035	3,858979
-1,793269	2,90091
2,433807	4,271715
-1,835432	1,716506
1,994848	4,803304
-2,759425	3,417099
2,325894	4,56249
2,353572	0,88714
2,510689	0,386474
-2,553109	3,38117
2,891131	4,088242
-2,074536	2,709766
3,126157	-0,60765
2,62505	1,072473
1,689838	4,948989
2,669858	-1,121605
2,225926	0,60852
2,207448	4,496303
1,941446	4,131864
2,371411	0,200958
2,877649	-1,195999
2,838457	-0,750826
2,755226	0,538713
3,071779	-0,472104
2,591669	-0,512005
2,810895	0,403955
1,784086	0,491814
-1,619444	2,154658
-2,296778	3,428144
2,17971	4,677032
2,017712	3,827674
1,960528	4,678377
2,485193	2,998615
2,928661	-1,659497
-2,248304	3,133373
2,228235	4,621155
-2,036242	2,041309
2,843735	0,706799
2,306395	3,521561
-1,970644	1,987291
2,490964	4,677176
-1,888999	2,683741
-2,001709	2,374211
-2,306525	2,248533
2,704771	-0,455644
2,108937	3,208653
2,274013	3,133873
-1,570073	2,204915
3,039608	-0,82413
2,94375	-0,000046
2,902889	-0,952059
-2,03756	3,121397
2,680092	3,335894
-2,123097	2,65272
2,435656	3,909003
-2,173315	2,959986
2,47753	0,59118
2,225496	2,89487
2,583279	3,16027
-1,848246	2,558697
-1,648002	1,318875
2,231202	4,262285
2,886537	-1,005293
-1,671533	2,717724
2,669418	3,451646
-2,13334	2,777987
-2,762387	3,648349
3,065818	0,117619
2,546877	3,675365
2,378508	4,550522
-2,073028	3,13775
2,273046	-0,037431
-2,210968	3,615858
-1,99361	3,407697
-2,363242	3,224294
-2,630019	2,67808
2,786696	-1,180484
2,719214	4,361776
2,415898	3,460447
2,734997	3,570788
2,736254	3,683991
-1,842162	2,6309
-1,979482	2,786493
-1,993494	1,276925
-2,438283	2,101917
-2,412829	2,704082
2,680532	-0,076559
-2,722818	3,935668
2,237899	4,176089
2,424604	3,816805
2,304654	3,954547
2,728427	-0,06205
2,738001	3,993751
-2,017687	2,708206
-2,610315	3,457823
2,368199	-0,256157
2,74197	-0,565226
2,401849	-0,258789
2,965431	-0,001961
-2,39961	3,529933
1,835015	4,400396
-2,651501	4,24025
-2,262539	3,158466
1,827891	4,664602
-2,156971	1,711678
2,077687	4,301816
2,36582	4,006489
-1,962806	3,00903
2,370248	3,971909
2,259786	4,584429
2,704985	-0,955258
2,159616	3,599062
-2,384255	4,524953
2,415662	3,923136
2,843193	4,206219
-2,088939	2,879116
-1,99794	2,842321
2,523084	4,145626
-2,083483	3,010585
2,423414	3,552216
2,429153	-0,685778
-2,353998	3,717133
-2,160225	2,125794
-2,262707	2,678013
2,508961	3,275617
2,414109	4,925659
-2,465008	3,480027
-2,324196	1,721949
2,317209	3,615066
2,548902	0,002407
1,905875	3,536221
3,104182	-0,344262
2,038404	3,459434
-2,553241	3,901095
-2,578138	2,17809
2,912836	4,289636
2,487244	-0,670216
2,586876	3,458107
2,25225	4,566123
2,62834	1,074052
2,032264	3,30171
2,174353	-0,714484
2,103253	0,452976
2,292342	0,5938
2,098024	3,904534
2,850485	0,100033
2,488858	4,125759
2,527342	-1,139443
2,277044	0,293488
2,104745	5,068816
1,965848	4,502815
2,172107	4,073782
2,384237	3,276907
2,541538	3,741525
1,908462	4,255482
-1,838466	2,693997
-2,11437	3,568711
2,350736	-0,184703
2,852296	-1,129573
-2,058658	3,384735
-2,124313	2,828791
2,336314	3,564184
2,331021	-0,149489
2,190836	3,88405
2,196287	5,353129
2,608772	4,374741
2,58915	-1,003335
2,210669	4,148978
2,96439	3,542342
2,79464	-0,107448
2,83127	0,804246
2,665834	4,78308
2,905612	-0,644676
2,303212	-0,659314
2,948083	3,8113
-2,219703	2,518578
-2,521175	2,852099
-2,419569	3,228217
2,446048	-0,235632
-2,608224	2,536366
2,679164	3,601459
-2,101227	2,712933
-1,496746	3,045849
-2,54228	3,455255
-2,012222	3,36003
2,275498	3,6177
-2,085863	2,731105
2,372296	4,50164
2,446455	-0,350298
2,451645	4,877346
-2,967482	2,870504
-1,994466	2,90816
-1,97357	2,961854
-1,934674	2,667972
1,784556	-0,019673
-2,606544	2,574529
2,075286	3,196309
2,943173	3,447208
2,356659	3,92186
-2,294939	3,391154
1,792566	0,383563
-2,120654	3,489885
2,474223	-0,170605
2,472698	-0,127516
3,014449	3,28129
2,863978	3,831872
3,188056	-0,100478
-1,906277	2,50646
2,665208	0,377315
2,493049	4,405805
2,519985	4,319841
2,447656	3,909579
-1,67337	1,859335
2,737116	0,263906
2,469384	-0,314584
2,200266	0,044418
2,718768	-0,886485
2,479575	-0,207653
2,287617	3,497497
2,886326	-0,079549
2,100331	4,559486
-2,036163	3,033488
2,618088	2,559225
2,365152	3,584256
3,195417	-1,104909
-1,815834	2,650208
2,555543	3,219622
1,981099	0,693709
-1,98696	2,072201
-2,655798	3,060936
2,3618	3,045873
2,035709	4,239298
1,998896	4,777142
2,629373	3,716269
-2,27972	2,904015
-2,476199	3,969017
-2,197605	2,872286
2,771199	-0,324975
2,419175	0,168282
2,462037	-0,562471
2,716448	-0,165563
2,054968	-0,214162
2,755041	4,525821
2,503008	4,325914
2,484923	0,452468
2,217715	4,038386
2,876057	-0,400162
2,564607	0,779548
2,977734	3,713919
-2,532227	3,973921
-1,824573	1,973503
2,252026	4,568799
2,704915	3,968104
-2,814384	2,42365
-2,119104	3,469467
2,6593	-0,907641
2,61382	-0,536352
2,107414	4,575587
2,588131	-0,501447
2,252796	4,858375
-1,887912	1,341921
2,016978	3,813546
1,839157	0,45558
-2,805988	3,044421
2,962302	3,108364
1,969127	5,180079
2,352798	-0,571115
2,499464	0,480636
3,158551	3,651301
-2,029576	2,52287
2,191311	3,755929
-2,285214	3,095365
2,79941	3,078375
2,324744	3,331934
2,345761	-0,495313
-2,22817	3,350117
-1,702614	1,758398
-2,012382	3,145741
2,364382	0,492335
2,717227	-0,70017
-1,940868	2,370494
2,236388	4,560014
-1,754861	2,429616
2,409253	4,141312
-2,126269	2,956041
2,172082	0,725818
2,733217	0,011229
-2,246938	3,088776
-2,342679	2,749513
2,957412	-0,510871
2,7792	-1,056587
-2,554979	3,88084
-1,43815	2,598845
2,776144	2,788362
2,141974	4,66217
2,544359	3,848513
2,638925	0,238174
1,993851	3,360125
-2,865879	3,305252
1,837251	4,513765
2,191686	0,854447
-1,902436	2,619527
2,954627	-0,529477
2,653717	-0,769351
-2,296698	2,810395
-2,67303	2,523098
2,850638	-0,832608
-2,028826	2,995512
2,934087	0,186315
2,791727	-0,095136
2,203683	0,679664
-2,514974	3,416909
2,867546	4,08105
2,330411	4,145412
-2,550329	2,770641
-1,584921	2,35439
-1,863692	1,47853
2,162976	4,745686
2,296032	4,237661
-2,152882	2,247519
-2,045089	3,347906
-2,087827	2,077343
2,162238	-0,573648
2,167455	4,643713
1,907989	4,471569
-1,874382	2,640263
2,563056	4,759572
1,802401	4,071815
-1,666341	2,079574
-2,338512	2,794619
2,902258	-0,189767
-2,202648	3,69337
-2,025047	3,141883
2,436248	1,508568
2,512506	0,602156
2,908987	4,145916
-1,880493	3,016966
-2,001166	1,40747
3,023113	0,210557
-2,199102	2,225518
2,52604	0,876641
-1,984062	2,966232
2,887603	-0,806606
1,972302	4,147326
2,47821	3,985138
2,855778	0,781649
2,557575	3,864879
-2,100703	3,822142
2,973202	0,158816
2,216207	-0,589845
2,34642	4,434956
-1,533957	2,915525
-2,403841	2,05508
-2,516664	2,576461
1,837672	4,092544
-2,01302	2,069683
2,915072	0,281973
1,955996	-0,000694
2,092768	1,161067
3,459917	-0,264051
-2,462839	3,442123
2,901606	-1,468043
3,027494	0,159677
2,231336	3,472319
-2,803382	3,45201
2,995945	2,708488
3,009081	-0,060147
-1,941436	3,13114
-1,723336	2,129701
2,33803	4,570126
2,675214	-0,611076
-2,793217	2,984855
-1,764542	2,547125
2,480802	0,589998
-2,303443	3,0921
-2,212488	2,813649
2,810057	-0,447451
-1,823765	2,976157
1,751593	4,424983
-2,306456	3,179232
2,598296	-0,700453
2,176559	0,710386
2,56123	1,188441
2,384968	4,03568
-2,377026	2,16572
1,995838	1,354336
2,765067	3,723235
-2,594725	4,094979
-1,71517	2,160322
2,613389	0,336282
2,430754	-0,330408
3,025565	0,134353
2,9313	-0,428324
2,396001	-0,177539
2,653279	-0,210531
-2,61351	3,876942
-2,619482	3,622737
2,557716	-0,72222
-2,50208	3,081722
2,411464	0,525482
-2,537092	2,663873
3,210644	-0,749913
2,422518	1,327376
-2,273561	3,092119
3,181051	-0,030225
2,127214	3,931882
-2,474916	2,347933
-1,874306	2,570851
2,945293	4,505795
-2,112575	2,57766
-2,320785	1,983357
1,940586	3,766681
-2,248827	4,089327
-2,151226	2,20241
2,330968	4,13901
-2,507949	3,512854
2,617096	1,216253
2,512586	0,04442
-2,431997	2,24804
2,028277	4,417052
2,65396	3,975912
2,531001	0,234318
2,680152	0,148164
2,749508	0,333041
1,980457	3,926805
1,828809	-0,179947
2,259055	0,97883
2,457682	4,775317
-2,137306	2,49885
-2,577343	3,191665
2,775853	0,983866
-2,224386	3,217555
2,682509	-1,453442
2,89442	-1,132739
1,988399	3,910372
2,150456	3,812715
1,810912	4,063052
2,797748	0,136044
-1,99973	3,061185
2,191382	3,491772
2,309273	4,082358
2,704227	0,661083
2,442259	-0,489322
-1,669233	3,58327
2,709567	3,225845
-1,937644	2,595159
-2,207396	2,42032
2,47452	0,321044
-2,30164	3,702669
-2,121412	2,818637
-2,177385	3,314477
-1,671449	2,935457
2,194979	0,585007
2,507937	3,413004
2,616519	3,485195
2,444256	3,310526
-2,750814	3,698645
2,469056	0,519749
2,533573	3,133191
2,255001	0,148982
-2,663344	2,043972
2,030157	3,796614
-2,341873	2,537102
-2,421288	3,505012
2,984971	0,255668
-1,871545	2,151148
2,568448	0,864281
-2,027545	3,636757
2,755838	0,555643
-2,214077	3,032946
3,082363	2,98617
2,206569	4,205684
1,702031	3,650315
2,051331	4,57453
2,759382	3,790412
3,006316	0,501917
2,486256	-0,983818
2,938479	-0,583352
2,380362	-0,576253
2,301946	4,907602
3,071242	4,385189
-2,154239	2,90247
-1,893766	1,628404
2,42135	-0,304038
2,170461	4,581355
-2,199229	2,093818
-1,925056	3,294152
-2,23934	2,378572
2,792367	0,791213
2,705806	0,93454
-2,090535	2,566596
2,788455	-0,729538
2,745166	3,165229
-2,725001	3,637184
-2,604148	3,141865
1,903627	5,523999
-2,213141	1,970349
2,038922	3,659908
-2,427933	3,073756
2,791408	-0,23661
-1,585912	1,727084
2,473279	3,300891
2,14672	0,850136
2,900195	0,51795
-2,011177	2,058097
2,488588	-0,353306
-1,976669	2,393563
2,316128	4,068321
2,070492	0,84584
-2,353904	3,953595
-1,83253	2,080926
-1,523372	2,954361
2,152708	0,080385
-2,365545	2,106554
2,283535	0,844924
-2,496356	3,94165
2,480557	0,457552
2,560876	-0,300098
2,557758	4,34058
-2,209943	3,595738
-2,448507	3,82459
2,348243	3,913277
2,14328	3,866267
3,146552	3,19994
-2,358986	3,154048
2,174027	3,724528
2,310023	3,866542
-2,537216	3,978202
3,203262	-0,671454
2,38138	-0,510139
2,174078	0,132835
2,758949	4,723652
3,196059	3,335901
2,666545	-0,801528
-1,727918	1,998688
-2,12265	3,412242
-2,087395	2,280494
-2,565332	2,947945
-1,730192	3,370048
2,480505	4,31143
2,543039	4,644962
-1,719583	2,888013
-2,368128	2,125752
2,207673	1,778449
2,687518	-0,379402
2,183425	3,836725
2,427125	0,580404
-2,77164	2,230932
2,858406	0,732495
-1,742929	3,620642
3,352772	0,085414
2,485008	1,404918
-2,156237	3,519657
2,493977	3,761702
2,688188	0,701752
2,999407	-0,331311
2,287244	3,929184
2,728789	0,638659
2,496875	0,65234
2,540659	3,211876
1,799111	3,889346
-2,112991	2,829151
2,479346	3,720867
-2,930343	3,68839
-1,653069	2,630531
2,566036	3,729471
2,492311	-0,321092
2,567174	3,574866
-1,993321	2,574365
2,904035	3,434417
2,79974	4,390005
-2,212232	3,43897
2,58069	-0,605615
2,330587	0,245741
2,39097	3,722939
2,066921	4,129817
2,456281	-0,836046
-2,796503	2,918197
2,806785	0,408099
2,646295	3,29651
2,656419	-0,038831
2,259062	4,555197
2,296488	4,183341
2,652184	0,084937
2,320724	-0,331772
2,555563	-0,34241
2,552181	3,50139
-2,699567	3,102014
-2,451211	3,336095
-1,884696	1,493303
2,599621	3,806633
-2,044696	2,966128
2,491577	0,379802
2,397993	3,34058
3,127241	3,625208
2,36588	4,073203
-1,971231	3,237286
-2,011784	2,319639
-2,076733	2,960305
-1,914176	2,490425
2,862859	2,150736
2,176459	0,911311
-2,787828	2,875044
-2,585878	3,615325
2,660601	3,636532
2,6159	-0,260861
-1,993687	2,70512
2,182169	0,25552
2,437272	-0,483212
-1,942068	1,517229
2,453378	-0,617791
2,612043	1,280131
2,499214	3,921134
2,794212	0,724028
2,370608	4,041787
2,872216	0,174983
-2,362573	2,417566
1,84079	0,442323
1,9833	3,952273
-2,478617	2,474167
-2,514185	2,971827
-2,306634	2,388539
3,007935	0,419798
2,618146	-0,267866
2,294829	3,695031
2,341301	1,165966
2,049419	0,616106
2,846905	3,801435
2,904778	2,586906
-1,593204	3,409278
2,782063	3,228442
2,446778	-0,397774
3,053032	0,469061
2,05323	4,599022
-2,361346	3,060108
2,440741	3,832508
2,375697	-0,156022
2,272566	4,363577
3,04898	-1,691475
2,606186	3,139004
2,581397	-1,321927
2,474236	4,0602
3,299534	-0,303638
-1,835715	1,920463
-2,515814	2,419415
-2,54792	2,461677
-2,3929	3,227046
-1,992978	3,62309
2,12312	4,187159
-1,948887	2,163593
2,075258	4,320987
2,587506	-0,062214
2,867281	0,659333
-2,722018	3,456668
2,726936	4,359807
2,623018	3,510537
-2,257093	2,321234
2,509698	-0,034106
-2,408868	3,097033
2,654135	-0,430309
2,339893	1,720469
-1,823073	3,608395
2,086009	5,090278
2,209673	3,390165
3,169655	3,949098
2,903968	0,048189
2,290755	4,36115
2,35329	0,693614
2,888131	0,704562
2,072569	1,023883
2,535191	4,782822
2,409656	3,581753
-2,113798	3,693684
-2,1414	2,93751
2,614061	3,600895
-2,054453	3,693254
2,271685	4,270706
2,713118	0,346334
-1,947118	2,070497
-2,744854	4,307141
1,97565	0,152635
3,398733	-0,087511
-2,204332	3,213947
2,590596	3,515604
-2,159525	3,808343
3,013721	3,247863
3,257468	4,046266
-1,986749	2,415685
2,998108	-1,625726
-2,286496	2,490179
2,50818	3,452095
-2,601009	4,081122
2,723921	0,376094
-2,836767	3,488137
2,845999	3,17034
2,507216	3,778374
2,316154	-0,651024
2,618129	3,31103
-2,34669	2,650327
2,876299	4,348527
-2,13087	2,619694
2,538366	-0,217394
2,77659	3,364059
-2,061579	3,913506
2,782909	-0,210917
2,594479	-0,376971
1,735496	3,834304
2,593296	-0,183924
2,638726	2,938354
-2,230743	2,795228
2,497178	-0,003785
2,736415	3,243648
2,581778	-0,914083
-2,681786	2,408133
2,730453	3,009386
-1,436766	2,984893
2,664999	0,216866
-2,208852	3,414857
1,988932	0,578471
2,937703	0,063232
-2,501311	3,050211
2,623387	-0,128129
2,612845	-0,298292
-2,265769	2,693766
2,083344	3,452262
2,588532	3,383922
2,027615	0,463085
2,659524	4,209689
2,466314	3,535701
-2,529737	3,389645
3,239996	-1,266425
2,050277	5,045343
-2,180638	3,450317
-2,452971	3,485994
2,2733	5,080629
2,562756	0,367363
2,547432	4,462375
2,399226	3,552931
2,406771	0,370973
3,110019	-0,584235
2,835753	-0,300207
-2,033214	2,397965
2,301595	4,64374
-1,786571	1,93998
2,77145	-0,1251
2,618678	0,713584
2,444096	5,179137
2,527665	3,808877
2,834071	3,17161
1,945567	4,509974
2,584253	0,784279
-1,692687	1,734111
2,596512	3,585622
2,745371	0,096084
2,633506	3,622081
-2,417601	3,448363
2,753221	3,648008
3,124396	0,018127
2,204283	-0,034133
2,415789	3,78538
2,596363	-0,039189
1,934999	3,79953
2,198459	0,999613
2,267301	3,319563
-1,627578	2,597206
2,465408	3,719603
2,380801	4,169476
-2,345059	2,822285
2,458565	3,27264
2,779147	-0,067
1,787436	3,988625
2,212025	4,473716
-1,884222	2,705444
2,243115	1,130872
2,13515	4,757177
2,540317	-0,169105
1,810407	4,151095
1,831687	3,747992
2,329952	4,44229
2,870692	-0,797153
1,740436	3,413048
-2,069269	2,578533
2,490146	4,397017
1,893727	4,067473
-2,111679	1,700956
2,226648	4,338312
2,955842	3,92087
2,601725	3,522489
2,175868	4,545246
-2,875033	3,363709
2,875658	3,118027
-2,348219	3,039585
2,871794	3,92088
2,083291	0,348622
2,128545	-0,317599
-2,175711	2,751849
-1,885138	2,472759
-2,073994	3,379312
2,708845	3,766554
2,779016	-0,304664
-2,159483	3,796202
2,440575	3,640398
-1,658884	2,720628
2,635961	0,206993
2,423681	3,273335
-1,866675	2,824278
2,232094	3,64936
-2,086897	1,950794
2,609131	4,243945
2,45839	4,206704
-2,437254	2,540832
-2,092784	2,981802
-2,505452	2,597102
2,238485	3,899308
2,127772	4,624796
2,28082	4,787726
2,200965	4,303618
-1,997921	2,862091
2,787479	3,388266
2,098384	4,302588
2,901991	3,219605
2,321847	0,73459
2,743886	-0,596332
2,660798	0,229059
2,187833	3,739616
-2,440574	4,008455
-2,338775	2,696596
2,210293	3,502252
-2,395512	3,264881
2,758664	-1,238929
2,742999	0,010285
2,819045	0,020292
-1,74867	2,280336
2,121455	0,2093
2,318001	-0,134059
3,127511	-1,26419
-2,323348	1,989332
2,290536	-0,6573
2,409351	4,210154
2,682202	-0,392553
-2,760048	4,143877
2,005817	0,464628
2,879049	0,205611
-2,787891	3,185087
1,955317	4,826265
2,425708	0,430709
3,119531	3,88632
2,254995	0,951365
-2,013104	2,965072
2,601673	3,654739
2,211328	3,726847
2,630028	0,505296
-2,1908	2,147676
-1,839839	2,43589
2,286635	0,719773
2,344679	3,947907
2,383874	0,912603
2,6974	0,050641
2,431268	-0,046346
-2,241999	3,397172
2,167869	5,225133
2,751346	3,863918
-1,930453	2,662531
-2,652191	3,717569
2,831866	-0,911566
-2,174876	3,860708
2,594767	4,269885
2,476083	3,070979
2,701365	0,401366
2,02312	5,071065
2,359626	3,555868
2,782755	2,476529
2,602828	-0,178465
2,728335	0,298934
1,69584	4,040251
2,895562	2,689062
-1,815747	1,645213
-2,178115	3,155556
2,822526	2,46898
-1,835107	2,503966
2,456192	3,780952
2,330426	1,066433
2,607694	0,035861
2,483462	4,360122
2,334964	-0,286022
2,87245	-0,735605
2,65148	0,892086
-2,272556	1,816317
1,904549	0,484159
2,486459	-0,318642
2,382575	4,229648
-1,960204	3,631242
2,633508	-0,819943
-1,843069	3,552396
-2,343357	4,407121
-2,232777	3,44487
2,698694	-1,405859
2,319518	4,017522
-2,007828	3,562419
2,819314	0,457335
1,956238	0,725062
2,925951	3,879693
2,650568	3,869312
2,100915	4,914777
2,340761	0,321126
-2,883777	3,698184
2,512747	3,576589
2,200607	3,625948
2,499381	-0,679118
-1,819875	1,450529
-2,131643	2,656565
-2,655431	2,783795
2,527614	2,843686
2,856053	0,915147
2,180058	4,344035
2,450906	0,268986
2,450093	5,031315
2,728054	0,675586
-2,342987	3,105506
-2,860409	2,874209
-2,522968	3,766315
-2,184809	2,890664
-1,601434	3,382918
-2,394219	4,299704
-1,773991	3,291943
2,646402	0,209088
2,977324	-1,010612
-1,94937	2,159238
2,911155	0,851578
-2,050541	2,9511
-2,065127	2,627672
-2,25567	2,113297
2,30626	3,692397
2,443986	0,741563
-2,021909	2,421339
2,289511	4,475677
2,377741	0,155706
2,775943	-0,795072
-2,412467	3,011363
-1,951966	2,696503
2,531557	-0,653423
2,215045	3,427563
2,47777	4,902225
-2,33686	2,720565
1,891551	0,488941
3,299855	-0,291527
3,151914	-1,036292
1,846572	4,149022
2,147357	-0,09466
-2,389803	4,169045
3,004725	0,444264
2,026195	4,705262
-2,128864	3,059845
-2,202456	2,518435
2,541528	0,826675
2,108432	4,373472
-1,831868	2,537116
2,478636	-0,233363
2,236871	3,827152
2,398084	3,846135
2,531103	4,866729
-2,141753	1,54932
2,871014	3,437505
2,347885	4,036492
2,081342	1,102595
2,299344	0,971424
-2,200988	2,199238
2,727258	1,183789
2,278585	4,454348
2,528863	0,147656
2,378251	-0,861428
1,870768	3,947326
-2,468499	2,649386
-2,600064	3,049586
2,828181	-0,204521
1,635156	4,52924
-2,015064	3,521771
-1,716404	1,436626
2,899502	-0,802098
-2,428505	2,824925
2,150584	0,65381
2,485847	0,652947
2,28796	4,126077
-2,107815	3,60236
2,454004	4,763705
2,450814	-0,073446
2,215924	3,478579
2,026547	0,373663
2,358937	0,317514
-2,636048	2,832216
-1,57653	2,989006
-1,569196	2,719261
2,412748	3,843076
-2,386846	2,824284
2,716885	3,090043
2,324419	3,263246
1,892714	5,004692
2,944821	0,388634
-1,882207	2,773219
2,186128	4,024574
-1,982333	2,135506
-2,231144	2,353377
2,330142	-0,347721
-2,335854	2,109595
2,074492	3,728095
-2,008754	2,481017
2,399179	4,193392
2,316145	4,768176
2,920753	3,25424
-2,155218	1,951711
-1,84259	1,909673
-1,800672	1,861726
-2,119173	2,468748
-1,984614	1,738141
-2,433123	3,507787
-2,338533	3,079882
-2,391043	3,850752
-1,894738	3,128508
2,810876	-0,66024
-2,465036	3,527307
2,202909	4,747681
1,951684	0,799337
-1,99601	2,353284
2,894667	3,038239
2,877946	3,857328
-2,437631	2,662248
2,407675	3,345427
-2,987089	3,243948
2,529066	4,286483
3,158947	3,327677
2,328404	0,428617
2,022895	3,873805
-1,885709	3,45075
-2,073494	2,574736
1,67862	4,082959
2,734002	2,763039
2,89504	3,135798
2,865644	4,032353
-1,441826	2,789387
2,528182	-0,483479
1,848729	0,617741
2,739665	4,509571
-2,419113	4,017091
-2,434348	2,77953
2,092118	0,022233
-2,321492	2,528577
2,781522	2,397268
-1,885144	2,783694
1,984273	0,715987
-2,143089	2,170365
2,589564	0,555787
2,490555	3,785482
-2,185503	2,130715
2,658959	3,80367
2,276259	-0,622851
3,257013	-0,526196
-2,428102	2,797416
2,739594	3,468396
2,295466	1,457001
2,729813	-0,862124
2,232954	3,485033
1,980838	3,466571
-1,785652	2,22619
2,338716	0,235518
-2,801194	3,449301
2,467325	3,997271
2,196046	-0,182734
2,434601	4,71822
1,917801	0,933688
2,90197	3,509538
-2,456531	2,908519
2,858161	-0,077241
3,0873	-1,36715
-1,741072	2,775343
2,160403	1,546467
-1,797956	3,154486
3,086565	-1,085226
2,219087	4,584425
2,662396	-0,743009
2,512085	3,510055
2,703928	3,535316
-2,09129	2,804816
2,628133	-0,980299
2,712459	4,293718
2,584559	4,840976
2,271167	-0,312949
-2,463031	3,113186
2,483877	4,437525
3,024326	3,892968
3,018715	-1,073979
2,909157	4,017023
3,151834	4,194195
2,891149	-1,159458
-1,347859	2,607257
2,065767	0,146125
-1,860722	2,378593
2,707139	-0,444943
2,666683	-0,381434
3,28195	-1,077769
2,990526	2,973483
2,191954	0,742738
2,474563	-0,312599
2,230067	4,700452
2,703187	4,049776
-2,25025	3,2667
-1,686524	1,865045
2,924878	-0,150228
2,573183	-0,460666
2,322776	4,74778
-2,411399	1,817235
2,387514	0,085732
2,088815	0,353257
2,447313	4,356027
2,545886	2,720263
-1,881619	2,6121
-2,241801	3,378066
-2,216147	2,046644
2,327447	3,203804
-2,230831	2,693202
2,003876	4,024351
-1,872585	1,138496
2,425842	-0,231135
1,884201	0,617495
-2,304463	3,116786
2,491367	0,411482
2,078009	0,803777
-2,199281	3,495039
2,337443	0,61642
2,06716	4,821902
2,308806	-0,920177
1,989927	1,264943
2,212343	-0,378035
-2,68966	3,445393
2,684084	-0,027378
2,253586	4,33761
2,682769	4,398971
2,963	3,53014
2,062974	-0,160583
2,633479	3,608442
-2,301916	3,023877
2,496271	0,082054
-2,031983	3,450183
2,686882	0,672104
2,913093	-1,753097
-1,941091	2,431485
2,322336	5,188237
3,070658	-0,137672
2,408222	-1,162182
-2,710946	3,652767
2,58981	3,947637
-2,373681	3,234393
2,47406	4,284821
2,981659	-0,75742
3,042257	0,010184
2,186735	4,044633
2,719692	-0,629096
-3,073945	2,878721
2,148031	0,975461
-2,241346	2,428978
2,824693	3,254112
2,542087	3,032364
-1,967778	3,570809
-2,382634	3,045891
2,672516	-0,686723
-1,978625	2,650915
-2,769349	2,856498
2,990727	4,118197
-2,548117	2,427172
2,419688	3,778699
2,65847	0,233774
1,868761	0,124623
2,22048	5,101819
2,350659	4,020408
2,030148	-0,29143
2,110601	0,281827
2,71499	0,06113
-2,142678	2,719407
2,899598	-1,473258
-2,725312	3,345544
2,668073	3,278282
2,591415	4,151066
3,026141	3,309096
-2,152871	2,987862
2,732523	-1,104806
1,795331	3,854325
1,997313	3,546165
2,311649	0,582333
-2,050077	2,460576
3,104524	-0,866355
-2,347389	4,053697
2,055937	1,000316
2,967526	3,90559
2,684499	-0,246409
-2,11602	1,932805
2,756605	-0,816601
-2,322817	2,424053
-2,430668	2,420398
2,584119	4,345592
-1,947077	1,560757
2,472962	3,469545
2,444334	3,498406
-1,734618	2,659203
2,421793	4,008845
2,696184	0,36807
2,300019	4,228811
-2,671035	3,042911
2,92044	0,524239
2,062087	-0,145434
-1,734008	2,72862
2,627765	-0,068696
-2,149188	3,257347
-2,767912	3,350379
2,747778	-0,118457
-2,101056	4,116108
-2,650421	2,251134
-1,970344	2,825736
-1,737579	1,959704
2,785941	-0,923023
-1,843534	1,264501
2,855849	3,786578
2,661797	3,547336
-2,874719	3,218321
2,881253	-1,024192
-1,784837	2,634031
2,097518	0,392249
2,816821	-0,288227
-1,604362	2,651932
2,733127	3,481967
2,26731	3,825424
2,001853	0,673503
2,872261	3,461413
2,26906	-0,512988
2,093875	-0,088863
-1,655909	1,734956
-2,10624	2,049774
2,334297	3,303331
2,96752	3,513921
2,950839	-1,073403
1,805406	4,339341
-1,667541	2,75534
1,947022	4,865574
2,356933	1,039891
2,190222	-0,612237
2,585809	4,291891
-2,907052	3,360122
2,183062	4,1458
-2,68859	2,363754
2,650162	-0,640957
-2,553575	3,936661
2,638779	-0,472437
2,328468	3,651196
2,274245	-0,22706
3,164588	0,407218
2,430163	4,353646
-2,690776	2,852341
2,758293	0,875038
-2,045484	2,510744
-2,099839	3,132736
-2,412477	1,838836
-2,342138	3,449127
-2,179194	2,446492
1,714936	-0,1913
-2,416173	2,834812
-1,994802	3,344178
-1,876389	1,783384
-2,462449	3,057573
2,560773	3,708097
2,281015	-0,024018
2,533869	0,262437
2,517439	-0,460134
-2,432575	2,910716
2,650018	-0,7511
2,548977	3,926184
3,15891	-0,79061
-2,324568	3,531481
-1,941993	3,218071
3,105688	0,022283
2,231553	4,5405
-1,719793	1,967081
2,489758	2,957944
2,645615	-0,613966
2,675577	3,056387
2,798329	0,813592
1,855575	0,810743
2,432077	3,233104
-2,165742	2,224034
-2,345479	2,041236
2,783649	3,477408
2,166758	0,430017
2,147883	3,972393
2,367941	-0,037015
-2,63463	3,122068
2,794728	-0,178994
1,888351	4,709155
1,809063	4,555915
3,004999	-0,681721
2,107493	4,149872
-2,119045	1,640072
-1,999906	3,525099
-2,769504	3,745049
-1,812305	2,395417
3,149508	-1,019284
-1,934134	2,459181
-2,269162	3,182142
-1,825629	1,483344
-1,710192	3,04328
2,568321	-0,078413
2,332574	-0,826738
2,968992	0,20021
-2,057658	2,800088
2,173769	1,08718
2,432371	2,627269
2,152841	3,225274
2,811894	-0,672151
-1,876722	2,959276
2,965448	0,470369
3,044507	-0,606287
2,01487	3,690142
-1,979344	2,964877
1,909993	5,409868
2,218854	0,500122
-1,930239	2,490777
2,022746	3,331064
2,233706	-0,807466
2,696455	4,22708
2,271551	3,241662
-2,355362	2,82494
2,976584	0,602711
2,383258	-0,964395
2,848642	-1,009753
-2,816998	3,685185
-1,565022	2,607233
-2,772576	2,59988
2,348992	3,613472
3,114147	-0,348439
2,342216	-0,186722
-1,89176	2,602144
2,574763	4,22001
-2,106681	2,076561
-2,682902	3,24876
-2,040745	2,285976
-1,923071	1,564712
2,961894	-1,377752
2,962468	-0,904594
-1,631885	2,797097
-1,509397	2,740059
-2,530597	1,895165
2,408078	4,93299
-2,155342	3,091639
-1,793323	3,157753
2,770744	0,809434
-2,327244	2,44215
2,578658	-0,608816
2,690191	4,344197
2,137278	3,651337
3,081679	-0,223732
2,536385	3,550413
-1,646147	2,384667
1,78176	4,319731
3,287988	0,171655
2,475167	-0,563044
-1,68945	2,447988
-2,587574	2,445088
-2,648636	4,189067
2,154639	3,552157
3,034701	3,097353
2,953601	-0,513655
-2,197915	3,146697
-2,210766	3,629618
-2,004045	2,799524
-2,039826	2,921615
-2,410707	2,158324
2,817728	-0,075895
2,912019	3,104378
2,190871	3,897179
-2,521624	3,96639
2,210724	4,236679
3,163197	-0,003551
2,46207	1,126269
-2,139557	2,733454
2,237421	3,655778
2,984779	2,93628
1,775912	3,522526
2,864668	0,399939
2,382113	2,97638
-1,716697	3,369229
-2,06933	3,72826
2,367805	0,38199
2,530923	1,121068
2,441265	4,135861
2,493354	2,990344
2,841886	2,473116
-1,903291	2,576257
-2,636873	3,591392
2,916079	4,403624
2,991902	-0,66027
2,540207	3,987764
-1,798418	2,835215
2,152048	0,975467
3,036731	0,620513
2,455104	-0,206984
1,90543	0,479428
2,39136	3,241412
-1,452528	2,788174
-2,659985	2,83245
2,791082	3,959992
-2,426291	2,994416
-2,582488	2,802949
-2,167106	3,086203
2,093409	0,912033
-1,763329	3,23736
2,40907	-0,092089
-2,512268	3,225982
2,124115	3,884162
3,10049	-0,559905
-2,185303	2,727789
-2,171646	3,951861
2,758406	-1,441281
2,204117	3,801837
2,46413	0,090993
2,345893	4,460903
-2,058396	4,127451
-2,068628	3,911264
-2,22249	2,439575
-1,849025	2,856614
1,619249	4,548708
-2,565098	3,198317
3,117788	4,068574
3,092264	3,650841
-2,198836	2,343079
2,339428	4,971182
-1,840256	2,403637
2,531397	3,374606
2,35359	3,490917
-2,337382	1,70235
2,397994	-0,230051
2,770041	4,039343
2,734011	-0,573904
-2,820048	4,280257
2,049228	1,25292
2,052086	3,943191
2,975184	3,859375
1,974049	3,635292
2,916537	3,575292
-1,557559	2,116495
2,508809	-0,126078
2,581219	3,964011
2,43044	4,096829
2,505999	0,232922
1,648657	4,356415
-1,672684	1,50912
2,720814	-0,176946
2,706617	3,859209
1,994956	4,505704
2,066853	4,346181
-2,299951	4,096618
-2,710418	3,540942
-2,614895	4,07275
2,30383	0,858572
2,056698	3,943512
2,21057	0,640309
2,430816	0,05663
2,410124	3,916001
2,564622	3,612236
-1,861933	2,332182
2,785661	4,066166
2,401167	4,4514
-2,38745	2,418796
2,410043	3,722872
2,537203	-0,904246
2,027775	4,207606
2,416825	3,463764
2,256564	4,227723
2,159252	3,873667
2,531318	0,722386
2,818819	3,606199
2,160597	3,358978
-2,603517	2,676084
-2,350721	2,979983
-1,889688	1,800078
1,95898	-0,04885
2,370648	-0,319059
-2,809911	2,796692
2,572489	4,054808
-2,331587	3,21334
2,101411	0,086287
2,108371	0,655878
2,226472	-0,3339
2,09443	4,675067
2,903024	2,355541
2,401911	2,648442
2,488606	3,03304
2,664672	0,138946
2,894142	-0,293752
-1,943826	2,933595
-2,414631	3,315969
2,638327	0,405522
2,913443	3,081189
-2,095204	3,125846
-2,345391	2,969435
-2,149657	2,712269
-2,437037	3,691385
2,13596	4,630252
-2,056626	2,094343
-2,758926	3,41679
2,3644	3,912343
-1,924203	1,674602
2,542594	4,594694
2,429977	5,270238
2,179003	4,554258
2,367088	3,71425
2,467868	-0,04571
-2,464928	2,568205
2,564141	3,252674
-1,672142	2,585262
2,886422	-1,078123
-2,228999	2,853737
2,551406	0,426636
2,38471	4,410071
2,525103	-0,801784
-2,330589	2,668214
2,863077	3,066423
2,962227	-0,445698
2,922932	3,288051
2,653526	-0,361074
2,576456	4,477645
2,734722	-0,027228
2,028252	4,832498
1,808474	0,135649
-2,062591	3,134673
-2,444407	2,81943
-1,91502	2,914609
2,26161	0,295226
-2,336507	3,82719
-2,181828	3,980602
2,392956	-0,720127
1,918106	5,172045
1,792455	4,752822
-2,006712	2,127852
2,889259	-0,110593
1,942164	4,001069
2,833531	-1,109593
2,59883	2,755388
2,301373	0,594636
2,609258	0,509983
-1,978511	2,350129
2,67925	2,866146
2,847049	4,073455
2,195552	0,075826
-2,262874	3,487346
2,149293	0,40478
-2,034273	1,470779
2,841488	-0,427167
1,995505	0,033904
2,319647	4,735273
-1,68464	2,762581
-2,028167	2,290126
2,984633	0,230999
2,445811	-0,909515
-2,653817	3,299128
1,971105	0,358985
2,728867	3,048623
2,475374	-1,000394
1,741536	4,781232
2,430555	-0,842334
2,936498	0,018362
1,666863	0,312968
2,111739	4,925588
-1,751776	2,644453
2,788868	3,450948
2,643404	3,54347
2,631916	4,14471
2,131852	3,853498
-2,880483	3,512855
-1,95145	1,652697
2,63406	-0,597813
-2,662185	2,786554
2,99829	4,011276
2,60821	0,327413
2,132037	3,471172
2,27688	5,004961
2,439334	-0,428628
2,71665	3,92374
2,887256	3,601692
-2,558279	3,922074
2,763185	4,077295
2,802799	0,148972
2,555323	0,287208
2,101727	4,80588
2,527615	3,491219
-1,635082	1,612413
2,852301	3,969202
-2,368715	2,12953
2,460169	-0,087974
2,504981	3,15386
1,799609	4,869801
2,536695	-0,09439
2,6871	4,047239
2,304101	0,853147
2,637312	3,162833
2,380465	0,190115
2,232025	0,21887
2,433871	-0,15113
2,218598	3,683593
2,563802	3,515911
-2,3478	3,470976
-2,560375	2,724544
2,528916	3,861578
-2,078692	3,751584
2,648633	-0,812988
2,171829	1,314515
2,159386	3,607191
1,933614	3,697644
2,661276	0,004602
-2,418391	4,067611
-1,758294	2,801264
2,392305	0,586136
2,819485	-0,008924
2,867175	-0,059194
2,620439	-0,086955
-2,301161	3,133883
-2,458211	3,747463
2,229227	0,640913
2,024391	4,612899
2,470364	-0,624115
2,494829	3,447469
-2,362469	3,8237
2,20768	3,926627
3,135542	-1,195307
2,733082	0,286253
3,1422	0,251894
-2,180024	3,378477
2,054604	3,670617
2,777772	0,591292
-2,400802	2,711472
2,416001	0,422424
2,022524	0,781076
-2,449933	3,85878
-2,461109	3,451089
-2,233758	3,461815
-2,009087	1,485746
-2,362345	3,85975
3,030131	3,009328
-1,730761	2,753431
2,584964	3,351383
-2,807848	4,37305
-2,459083	2,397717
-2,432437	2,80509
-2,338219	2,697837
-2,552497	2,576726
1,912749	0,396542
-1,707031	3,186366
2,412597	3,973779
1,873087	-0,092071
2,410552	4,134684
2,744579	0,214432
-1,940073	3,357638
-2,081204	3,110689
2,323527	-0,313259
-2,561972	2,671934
2,159144	4,419169
2,880457	0,260486
2,581326	3,762302
2,305022	3,606742
-1,916773	2,73639
2,599058	1,292371
2,792809	3,248629
2,67086	3,210243
2,170814	0,881474
-2,426837	2,168213
2,630241	-0,208741
2,368834	0,662417
-2,096271	3,228501
2,436708	0,500682
2,443883	3,271605
2,665977	-0,25947
-2,273403	3,746981
-1,822243	2,405257
2,540869	2,579247
2,474517	0,376638
-1,279689	2,750564
2,083028	3,659228
1,784709	0,567161
-2,782167	3,529372
-2,054363	2,091232
2,144216	4,294177
2,762276	3,414827
-2,000276	3,086775
-1,547775	3,140563
-1,99982	3,690861
2,75152	3,255632
-2,166904	2,925831
-1,549947	1,871222
2,019184	4,550102
2,751406	-0,009797
2,402301	0,493899
2,33634	0,728606
2,10863	4,206645
2,417522	0,294673
2,571831	0,591197
-2,365757	2,6751
2,324329	2,887344
2,812685	3,456033
2,807669	0,349759
2,458116	-0,659023
2,768956	3,470173
3,185892	3,76937
3,314143	-0,573665
3,156298	-1,296993
2,098229	4,116105
2,511372	3,563263
2,297569	0,327178
2,703316	3,570944
-2,399127	3,252633
-2,075618	2,740897
-2,232366	3,173859
2,70977	-0,849742
2,263584	3,800992
-2,111866	2,378776
1,936823	0,928909
1,921213	0,404329
2,311354	4,222997
2,656877	0,1857
-1,859785	2,9243
2,829507	4,096275
2,764322	3,325779
-1,952803	1,77942
3,060498	3,311326
-2,306815	4,460311
2,669183	-0,183477
2,165666	1,291698
2,971823	3,095312
2,301463	0,003579
-2,957563	3,148961
2,331666	-0,36825
-2,558222	3,599565
3,327978	-0,542934
-1,659799	2,488965
2,159285	4,417302
-2,509267	3,9032
-2,373801	2,029495
-2,326187	2,589044
2,291517	3,861945
2,668744	2,99796
2,147544	3,031557
2,507198	4,880364
2,713671	0,476166
-2,517334	3,324016
3,023027	3,239267
2,414139	3,938907
2,34288	4,488838
-1,72963	2,936995
-2,594209	3,820615
2,199049	4,907352
3,227298	-0,830442
2,091446	0,080846
2,028423	0,740023
-1,758602	2,682772
1,839092	5,055779
-2,094894	3,477122
-2,994326	3,5107
-2,091336	2,578124
-1,514215	3,27294
2,19088	0,957919
3,190136	-0,828401
2,520691	3,918874
-1,860286	2,91382
2,493786	3,21946
1,915274	3,980292
-2,106123	3,090696
2,469169	3,461748
3,494252	0,004157
2,676348	3,486601
2,511886	-0,098207
2,685975	0,137025
2,787018	2,329897
2,191645	3,019581
-2,572075	3,49216
2,447821	-0,258723
-2,441719	3,886983
3,082097	-0,794608
2,192038	3,823824
2,379284	-0,850334
-2,333255	2,112705
2,145248	0,196127
2,728083	0,657327
2,647375	0,123914
2,198961	4,004403
2,046507	5,22388
2,253967	4,367327
2,751544	1,033831
2,270713	4,231643
-2,897649	3,384351
2,640665	0,320637
2,667205	2,331936
2,701316	0,213243
-2,279834	2,416367
3,242976	0,308985
-2,219417	1,935505
2,361964	1,298786
-1,746848	3,206883
-2,690883	3,251786
-2,644311	2,311653
2,360591	3,586705
2,35617	4,145298
2,806419	-1,067093
2,101811	3,452698
2,139337	0,64687
2,766304	-0,856859
-2,415615	2,838703
2,927175	4,309232
-2,049715	1,906316
2,063711	-0,262243
2,597996	2,626365
2,039243	3,321622
2,678025	3,175568
2,422791	3,714946
-1,973532	2,452724
-2,051294	2,82669
2,244873	3,404837
2,529328	4,532493
2,081454	3,677372
2,30715	0,669683
2,131002	-0,2967
2,729008	-0,101465
-2,094408	3,102378
2,002926	0,673629
-1,992803	2,604011
3,059493	-0,37912
2,821637	0,110403
-2,346265	3,150649
2,552888	-0,262944
-2,542424	2,856958
-2,623021	2,156826
2,587888	0,900901
2,831684	-0,573982
-2,272784	2,860699
-2,272429	3,856055
2,457953	0,428591
2,29822	3,645325
-2,22537	3,66061
-2,016062	1,680075
-2,08704	3,217874
3,129533	0,166275
2,476957	0,324647
2,89392	-0,193978
2,30336	-0,704855
3,003651	3,836097
2,711597	-0,015881
2,469767	-0,615081
2,89457	-0,247925
-2,474116	2,668727
2,970485	2,990483
-2,548293	2,279077
-1,500393	2,826918
2,339169	4,24381
2,934425	-0,133905
2,594256	3,687763
1,864284	3,623207
2,729833	-1,400891
-2,527019	3,563234
3,319989	0,101252
2,702048	3,291466
-2,302199	3,019938
2,27022	2,790219
2,701511	0,16373
-1,77754	1,868598
-1,930327	2,553096
2,947432	3,716275
2,914759	3,720241
2,444894	0,014247
3,170148	0,271293
2,137495	3,624056
2,230853	0,887046
-1,892478	1,499071
2,958679	3,792335
-2,076757	2,554118
2,342018	-0,997395
2,927263	-0,122729
1,880803	3,25009
2,539217	-0,202938
2,641084	3,500563
2,713427	2,635223
-2,416173	2,117939
2,160232	0,35407
-2,012677	2,870651
2,500094	4,282208
-1,857883	2,413232
-2,000796	3,155146
-2,114434	3,072674
2,730534	0,240137
2,262968	4,247121
2,242517	0,810909
3,157296	3,798386
2,286466	4,094375
-2,203917	4,178593
2,319845	3,47348
-2,629067	4,221259
2,09857	4,652848
1,905202	4,444838
2,73989	3,334644
2,20685	4,569363
3,109171	-0,886872
-1,883978	2,437426
-2,336097	2,923846
-2,201992	2,354859
2,651423	-0,672112
2,278366	0,532098
2,31125	3,202069
-1,922896	2,479044
2,235694	0,495308
2,552962	3,871567
-2,145078	1,851603
-2,182096	3,118868
1,984062	4,031825
-2,212756	3,272695
2,390741	4,462732
-1,547644	3,340654
2,608738	4,128135
2,763181	3,486696
2,51285	3,315741
2,786798	-1,257305
2,814227	3,794421
1,907603	4,473623
2,689621	4,73681
1,99191	0,320322
2,887288	0,313524
2,202447	4,009961
-2,919361	3,727375
1,859788	4,60973
-2,174359	3,826351
2,891476	-0,60504
2,319249	4,673394
-1,843746	2,338992
2,120406	0,357712
2,003296	4,479041
1,993275	4,304196
2,585798	4,675454
-2,694926	2,504086
-1,73432	2,559001
1,930636	0,026513
2,285078	1,275084
-2,745267	4,17462
-1,92141	1,753327
2,327182	-0,577158
2,304017	3,660208
-2,264239	2,707327
2,640885	3,551394
2,180334	1,277027
2,448596	-0,450682
2,079952	4,068413
2,228536	-0,066012
-2,091888	2,918744
-2,355395	3,203142
2,410149	0,055265
2,612396	3,870781
2,696766	3,098397
-2,288452	2,129511
2,804159	0,724956
1,775558	0,703985
-2,03261	3,154269
-1,779124	3,254603
2,722317	3,124005
2,019908	-0,001398
3,286263	-0,77821
1,921595	5,303024
2,608493	0,176459
2,214789	4,675363
-1,848733	2,921121
2,766166	2,915302
2,107022	0,322664
2,742929	-0,528561
3,353308	0,004384
2,622157	0,326327
-2,155842	2,238365
2,511632	0,200262
2,095022	0,799195
2,868487	-0,174625
2,37133	5,185512
-1,695307	2,728883
-2,404746	3,211195
2,269973	4,144336
2,879353	-0,233524
2,601232	4,776673
1,999143	0,93763
1,865668	0,470571
2,450609	4,802619
2,352375	3,352859
2,65033	0,64358
3,042378	3,577462
2,472472	4,814461
2,654076	0,424673
-1,650255	3,455624
2,616379	-0,534605
-2,011874	3,339906
1,987814	3,845165
2,588947	4,124487
-2,601183	2,602151
2,806767	-0,237812
-2,555755	3,130857
2,970666	-0,685008
2,272387	4,657246
2,972459	-0,126169
-1,723529	2,699975
2,048952	0,147748
1,96568	4,874239
2,823189	3,966175
-2,573239	2,973525
2,421023	-0,219182
2,456929	-0,033417
2,429659	3,860202
2,796741	4,182595
2,41683	3,475698
3,027651	-1,665689
-2,21831	2,435113
-1,883218	2,773005
2,077753	-0,622538
2,495498	3,395751
-2,309981	2,642392
-2,294618	2,568221
2,10258	3,917863
2,445427	0,076037
2,224718	3,147981
2,940532	-0,147599
2,154641	3,238623
2,152863	0,468705
2,552284	-0,200688
2,925605	-1,059008
2,7021	2,59488
-1,9456	3,142123
2,630332	3,482443
3,148451	0,214691
2,219362	0,535656
-2,257298	3,159263
2,011858	-0,313546
2,573606	3,647951
-1,873661	2,622765
2,107647	1,250928
-2,459178	3,497875
-2,160245	1,890246
2,795595	-0,420472
-2,151089	2,910172
-2,595236	2,839079
2,171274	4,661591
2,901539	3,20906
2,299186	-0,631342
-2,735545	2,396118
1,844954	3,430733
2,119457	-0,727431
2,755069	3,720355
-2,436996	3,31584
2,103104	-0,523842
-2,525711	3,039071
2,32013	-0,127759
1,969639	0,107214
3,104179	-0,95431
2,59839	-0,005951
2,332935	3,743352
-2,254282	2,619863
2,31127	3,283207
2,064706	3,863586
-2,447741	3,189611
-1,906771	3,06077
-2,98181	3,38444
2,720734	3,293148
2,428513	0,3983
2,485702	4,149734
-1,978613	1,74443
2,550824	-0,519043
1,996044	4,432291
1,99232	4,494331
2,049656	0,716258
2,358494	-0,094144
-1,999798	2,765226
-2,385791	3,274094
2,041961	3,842469
2,675734	3,834325
2,221188	3,053023
2,777558	3,184816
-1,560851	2,60247
-2,370321	2,959538
-2,120308	3,828942
2,339889	0,143981
-1,697328	2,136997
2,680923	3,308954
-1,989984	1,409089
2,663215	4,671719
2,286239	5,032175
2,765589	-0,45123
2,312417	4,304425
-2,421078	3,245261
2,439729	-0,515884
-2,23162	3,923057
1,985099	4,418995
2,914995	-0,819926
2,646718	-0,219907
-1,921423	1,143688
2,734236	0,93364
-2,375431	2,628635
2,741914	-0,369886
-2,28393	2,726888
2,296662	-0,683257
-2,694541	3,380614
-2,383393	2,948413
2,93884	-0,132846
2,509104	-0,631636
2,187374	3,733958
2,205692	4,279435
2,704156	-0,560345
2,604034	-0,559071
-1,488596	2,883318
2,438504	4,744172
-1,726041	2,961194
1,996372	4,313319
2,032686	4,433306
2,975708	3,465186
-2,331238	3,588192
2,25331	3,370581
2,765831	-0,398418
2,603389	-0,510606
2,519659	3,479456
2,738886	0,130005
2,763882	3,737713
2,574712	2,854145
2,541841	2,946975
2,530518	0,468453
-2,130036	2,802474
3,317458	3,817616
3,038949	-0,949594
2,52918	0,141257
2,21825	4,490301
1,96197	0,229973
2,769372	-0,572028
-1,970417	2,335753
2,028948	4,78649
-1,930488	2,571636
2,854694	0,539924
-1,737675	2,539393
-2,815625	3,485194
-2,293991	2,856708
2,335698	3,954514
-2,684897	4,590688
2,892258	0,014565
2,310844	-0,582507
-2,492183	3,055821
-2,492132	2,893502
2,452268	0,23057
3,130456	-0,543585
2,435038	4,298212
2,558405	0,041012
2,77259	0,800751
2,615665	5,003923
2,198705	3,584069
2,258892	4,244565
2,2531	-0,131476
3,321821	-0,547362
-1,417026	2,651223
2,735704	4,09352
2,82607	2,820503
-1,927732	2,767084
2,071106	5,378949
2,636269	3,538691
2,429413	-0,01276
2,565385	0,445164
2,297117	0,159681
2,840027	-0,460456
-1,996077	3,388823
-2,635365	3,502433
2,546095	3,238946
-2,340917	3,755234
-2,074412	2,777199
2,734429	0,19409
2,90501	-0,687201
-2,217505	2,721917
2,748071	0,123172
2,605346	4,299203
3,047801	0,098272
2,358412	0,243532
2,755585	0,4321
2,279073	1,035154
1,944349	0,730921
2,447932	-0,791468
2,315548	4,034598
2,843577	3,501315
-2,28895	2,892118
-2,09559	2,874913
2,569214	2,656696
3,224593	3,683486
-2,47194	3,17919
-2,47389	2,633346
2,520524	3,697174
2,68714	4,399668
2,301318	3,504847
2,649421	1,102211
2,455695	3,919236
-2,098831	2,007309
-1,967919	3,178894
2,993084	3,083168
-2,000358	2,741143
2,466848	0,035044
1,953803	-0,138307
-2,178387	3,495331
2,369608	3,60058
-2,452582	2,753259
2,494076	2,960739
2,531674	3,278388
2,940843	0,135969
2,668311	-0,915385
-2,235119	2,654373
2,785343	3,879
2,622303	4,062478
1,973023	3,92241
2,404132	4,064574
-2,576773	3,392426
-2,088021	3,376391
2,120097	4,264222
2,458495	4,916379
2,439435	4,876988
2,145496	5,4109
2,265459	-0,711112
2,343773	3,315286
-2,293318	3,043866
-2,090351	3,430796
2,988731	3,374768
3,183741	3,804247
2,357172	3,974056
-1,915238	2,862808
2,453314	4,353269
2,95806	0,254764
-2,584906	3,128037
2,252377	-0,515622
2,557356	3,755906
2,893267	4,465698
1,924051	3,913217
-2,556656	2,950692
-2,013464	3,601882
2,491785	3,813924
2,633311	-0,22284
2,407705	0,00679
2,39508	4,567306
2,364253	-0,864224
2,717884	-0,797737
2,446365	3,591587
2,435903	0,709735
2,215843	2,934819
-2,178257	4,012892
-2,462087	2,842279
3,166263	-0,778085
-2,284969	3,632298
1,94416	4,014617
-2,200928	1,85744
2,416615	0,876588
2,19115	4,819172
2,359089	3,344259
2,555101	3,991136
-2,390292	3,009468
3,289276	-0,609648
2,001473	-0,064344
-2,44153	3,674247
2,623079	3,881568
2,123545	3,429656
1,883561	4,088598
-2,398287	4,15361
-2,101333	1,699155
2,838815	0,783267
-2,382827	2,727881
-2,034563	2,765439
-1,629195	2,315013
3,00851	0,149308
2,544021	-0,282987
2,704836	3,176348
2,458026	4,626113
2,272396	-0,373843
-2,020141	3,30686
2,344776	3,444844
3,22748	-0,126753
2,454406	4,090065
1,862257	4,479497
2,585472	2,835734
-1,608302	2,330955
-2,151884	4,053431
2,658077	3,690184
-2,493497	2,146109
-2,051143	1,981263
-2,823115	4,068376
-2,532737	3,878421
2,748852	0,882356
-2,145358	3,091718
-1,928151	2,97783
-2,261042	4,196683
2,408028	1,505756
-1,713184	3,515694
3,131927	3,58496
-2,045182	3,056851
2,02885	4,004943
-1,994578	3,388976
2,59764	-0,02023
2,824399	3,771755
2,394671	3,856736
-2,274445	3,449103
-1,8905	2,517534
2,638167	2,592029
2,172392	0,237004
-2,398037	3,260311
2,415507	-0,814862
-2,021422	2,467031
2,514071	-0,19911
-2,95516	3,40994
3,162921	3,693227
-2,188826	3,739429
-2,728086	3,169085
2,738714	-0,743878
-2,35321	1,97619
2,078533	0,586279
3,001484	3,000934
-1,907071	3,214844
2,740537	4,623727
2,626119	3,0676
2,197805	0,160134
-2,385428	2,551877
2,092007	3,951976
-1,638367	1,912654
-1,990208	2,497754
2,664435	4,66297
3,057849	4,240648
2,370963	3,585997
2,84988	0,011326
2,821266	0,492902
2,129217	3,899697
-2,599232	2,601608
2,936143	3,47536
2,177593	0,596196
1,898106	4,258922
2,923396	-0,516907
2,521986	0,091042
-2,251122	2,812461
2,732217	-0,047834
-2,090912	3,155779
2,357156	4,23962
-2,357601	2,812632
2,835803	2,553796
2,98658	0,61119
2,394489	3,591598
-2,309792	2,978895
1,880094	-0,06559
-2,073673	1,863881
-2,55706	3,284491
2,517246	0,347979
-2,361315	2,533155
2,870205	0,122374
2,521674	0,083744
2,575933	3,17164
3,067157	-0,389422
2,658038	0,502539
2,160418	4,099451
-2,385154	3,093423
2,683242	-0,078363
-2,66944	2,379747
3,130136	3,849429
2,298681	4,208936
2,916548	0,563117
2,504037	0,224064
2,193152	0,177511
-2,85585	2,580388
2,669927	4,08048
2,435452	0,835384
-2,046905	3,022292
2,648324	0,674716
2,590413	4,356065
2,578256	0,829709
2,879562	3,048974
2,413727	0,262276
-1,531674	2,67403
2,227219	1,212857
-2,331612	2,811568
3,030963	3,010747
2,931124	3,237404
2,888146	3,890366
2,144947	4,661971
2,73637	3,783857
-1,621339	3,074789
1,863728	0,820604
2,718837	4,290722
-1,963329	2,303266
2,188378	-0,523864
2,853958	0,343969
1,94743	0,670446
2,206796	4,910004
2,209458	0,279043
2,408192	-0,010128
2,467118	0,213099
2,739861	4,157608
2,396997	4,622622
2,919273	-0,696626
2,450801	-0,732468
2,365736	-0,671839
2,80016	4,574652
2,043087	4,120619
2,554205	4,058322
2,627657	-0,327704
-1,654645	2,349167
-2,654231	2,702896
-1,962972	3,05815
2,304956	0,428842
2,077844	4,726538
-1,731925	2,39496
3,067279	-0,497452
2,583247	0,360776
2,906318	-1,073837
1,704758	4,188725
-2,747736	4,260169
2,867817	4,480465
2,649541	-0,50205
-1,778364	1,887458
-2,310052	2,53947
2,84512	2,655826
2,696393	3,75356
2,397201	-0,478659
2,78183	3,117365
-2,343551	4,05454
-2,111933	3,032185
2,715725	-0,252338
3,052493	-0,539263
-1,758321	2,678336
2,323391	3,393225
3,269121	3,443987
2,439943	-0,240944
-1,930832	2,636442
-2,138743	2,251283
1,994842	0,384317
2,636234	0,33362
2,23597	-0,514911
1,898148	-0,539075
-2,063698	2,72115
2,608941	4,015182
2,413003	4,114504
2,750564	-0,246752
-2,165524	2,79222
2,187995	4,553076
2,403261	5,231812
-1,99614	1,243575
2,115297	0,609225
-2,423453	2,121274
2,313755	4,766963
1,975194	3,696557
-2,265603	3,12467
2,855049	-1,070631
2,479054	-0,409984
-2,152345	3,199492
3,090144	-1,414791
-2,566219	2,508921
2,226802	4,715181
2,37656	4,521624
-1,960259	3,506498
-2,770598	3,572687
2,615105	-1,082016
-2,126404	2,535532
-2,083338	3,874193
2,107965	4,83423
2,256614	3,761118
2,282788	0,682723
2,501936	-0,717798
2,913919	4,267465
-2,250103	3,970867
2,807563	0,361331
-2,120285	2,326447
2,038987	0,724763
-2,73366	2,679509
-1,963619	2,441981
-2,495678	2,946243
-2,098237	3,227622
2,741445	3,324155
3,000182	-1,211115
2,586816	3,496493
-1,937028	2,339484
2,279121	-0,428277
2,227657	3,692014
2,14968	5,466496
2,076321	0,594336
2,265359	3,825143
2,110457	0,640132
-1,383828	2,483182
2,25924	4,150237
2,691545	3,803044
2,749179	2,832948
2,565555	4,185814
-1,747727	3,096328
-2,229765	2,740193
-2,083828	3,082388
2,466203	3,664476
-2,194617	2,386323
2,290816	3,318531
-2,246072	2,732765
-2,252562	2,945522
-1,681786	2,588151
-2,272249	2,689649
2,518278	0,598444
-2,093841	3,166506
-2,035857	1,887659
2,594132	4,124341
2,681751	4,062327
2,943155	4,408192
2,674349	-1,184649
2,414557	3,95193
1,853818	5,136127
3,269876	-0,132398
3,151808	3,474691
-1,539513	2,849101
3,018942	-0,271668
2,610033	0,294895
-2,084364	3,383432
-2,023786	2,142232
2,440369	3,943847
-2,419511	2,628147
-2,258016	2,168407
2,408449	0,246449
2,194092	3,769615
2,573628	-0,98515
3,318428	-0,378443
2,997565	-0,478702
2,053148	0,005368
2,523479	-0,923478
2,68111	0,614787
2,20451	-0,857345
-2,253911	3,416102
2,206672	0,913755
-1,922876	1,490017
2,504337	0,920153
3,077818	-0,110682
-1,976355	3,409058
2,179759	1,242053
3,010197	2,631377
-1,800566	2,663926
2,346843	0,036029
1,986359	0,206006
1,83758	4,661208
2,26751	3,580323
-1,918618	1,880654
-2,035803	2,758536
2,198205	3,990165
2,493508	-0,978533
-1,867875	2,620425
2,538797	1,200397
2,586211	0,333228
2,061729	5,08757
2,612006	5,059384
-2,075601	1,931008
3,014899	0,824548
-2,086431	1,348986
2,555945	4,758933
2,864329	-0,91276
-2,173208	3,138185
-2,642506	3,765922
2,505995	4,063876
2,119681	5,486083
-2,363467	2,140741
2,432614	3,494251
-2,333239	3,144568
-2,906384	3,849263
-2,068275	1,732044
-2,683668	2,989635
-2,454052	3,681069
2,953878	-1,676972
-2,003366	2,473589
2,214982	4,059098
-2,423939	2,298359
2,969464	3,384059
2,435149	0,295183
2,819093	0,43464
2,735354	3,91211
-2,253324	2,608923
2,662662	0,254405
2,332172	-0,255843
-2,31813	3,263506
-2,102379	1,809856
-2,10657	3,090804
-2,614313	4,456951
2,252044	3,192205
-2,471626	2,594198
2,69281	-1,429683
-2,275963	3,335516
2,462693	-0,928096
3,14128	-0,701314
2,67341	3,136925
2,211293	3,935006
2,635836	-0,352833
2,391481	4,481866
-2,070374	3,022545
-2,641548	2,399502
2,273675	-0,409031
2,377066	5,033996
-2,314165	3,515001
-2,572741	2,685422
2,430966	3,432899
2,762164	0,339134
2,416065	3,715973
2,111061	1,258987
-2,105271	2,745354
2,137766	4,476369
2,035688	4,46182
2,489572	0,532873
2,95126	3,461736
3,066944	-0,799661
2,991209	3,301154
2,928666	-0,847878
3,091255	3,807739
3,151479	3,455463
-2,099385	3,226315
2,415153	4,737555
2,756314	0,336561
2,829548	-0,356059
-2,204428	2,914363
1,859676	3,617999
2,851682	4,119387
2,244954	4,134731
-2,111281	3,972303
-1,831379	2,636279
3,004433	-0,856987
2,896227	-0,135734
-2,757698	3,105691
2,785321	3,641207
-2,056189	3,348781
-2,313707	3,00029
2,068312	4,038167
2,577146	-0,616726
2,417997	0,434108
2,993211	-1,597781
2,314435	4,346567
2,007117	0,743885
-2,2315	2,849761
2,300527	0,549888
2,694691	3,659736
2,639859	3,585203
2,730046	3,340005
-1,753877	2,023769
2,760252	0,041424
2,813097	3,434793
2,573882	3,407556
2,552124	-0,091749
2,631234	0,09215
2,231247	4,965999
2,418237	0,127741
-2,533165	2,797919
3,011447	-0,523774
-1,686786	2,926484
2,838092	-0,363744
2,790713	0,137307
2,367014	-0,316854
2,838602	-1,325629
2,592014	0,292664
-2,638005	4,820686
2,722825	4,163471
2,729038	-0,933004
2,397448	0,187228
-2,399679	3,226274
2,538415	0,240217
-2,068556	3,242681
-2,818465	3,954024
-1,653887	2,837439
2,318012	2,926388
2,219186	-0,411255
-4,776506	4,636584
0,139612	2,136349
-1,670311	-1,73322
3,095896	-3,688699
-3,739503	-1,200842
-1,259976	-0,388501
-0,395528	-3,689116
1,277522	-2,488138
4,302436	-2,145118
-0,093444	-0,677023
-3,900655	-3,528996
-3,456031	-2,385096
-4,437846	3,424514
-0,417787	-1,960014
1,415958	-3,853855
-0,352796	0,940266
-4,446489	2,028771
-4,251947	0,056295
0,476503	3,356265
