-0,328220 -2,771113
0,065731 -2,495850
-0,585173 -3,887337
-0,635087 -2,087103
6,153380 10,148654
5,459269 9,645955
6,735603 8,514384
0,020767 -3,544250
-0,583650 -4,189296
0,227444 -3,029080
7,709077 9,305042
6,459312 7,728968
0,662889 -3,784530
7,704985 9,670941
0,265068 -4,433323
7,022431 8,944402
0,396224 -2,650715
6,446587 9,411504
7,063814 8,614896
6,054267 7,980710
6,451160 8,573723
-0,092730 -3,939172
-0,058900 -2,698642
-0,446425 -2,967569
6,587129 8,863131
6,502192 8,441773
7,114539 8,656284
6,571416 8,441342
-0,555357 -3,363848
7,233133 10,269944
6,321532 9,097927
6,684266 8,462611
0,968861 -3,577488
0,637706 -3,965622
7,056025 8,485848
7,205740 8,258326
0,157739 -2,736084
-0,337509 -3,595535
7,848150 9,213106
6,139567 9,486572
0,384906 -2,717960
7,085376 8,868746
6,810806 9,898904
-0,133429 -3,932561
0,198664 -3,319058
-0,950410 -2,611653
-0,398486 -2,923950
6,674123 8,451471
7,795280 9,785485
0,708626 -3,792913
-1,232026 -3,703628
6,509012 8,893253
-0,304661 -3,273644
-0,026117 -3,591410
-1,347609 -3,359313
7,806952 8,061309
0,971836 -2,906335
-0,627652 -3,718128
-0,136547 -3,473032
0,429097 -2,994300
-0,472323 -3,320403
-0,228949 -3,558439
6,143903 8,249306
-0,263846 -3,969154
5,480998 7,819697
-0,560429 -2,153106
-0,119612 -2,223133
6,166538 8,742904
-0,131117 -3,257230
6,686701 8,746847
7,553870 8,231388
6,614965 8,947242
6,138182 8,723925
7,053801 9,779065
-0,176463 -3,558311
6,297323 7,777230
7,552751 9,098545
7,133071 8,709211
6,846264 8,225923
-0,373895 -3,322494
-0,267519 -3,097778
-0,315109 -1,817594
-0,015882 -2,471428
-0,041734 -3,492572
-0,816484 -3,473605
0,847621 -3,521986
1,620673 4,823989
-3,539695 0,249562
-2,788368 -4,197541
-0,307023 0,850373
3,547518 -0,506200
2,961107 -2,892417
-0,980589 2,759413
