1,751425 4,670249
-4,099459 -4,595004
-2,684676 -4,622386
-3,903596 -5,645258
-3,234914 -6,252479
0,303706 5,711594
1,568916 5,365498
0,546808 5,737972
0,287325 4,552528
0,495336 4,606538
-4,332662 -6,677927
-3,626615 -5,042539
1,272507 4,522986
-3,811190 -5,660332
-0,362125 5,281670
2,369069 3,604697
1,027153 5,610529
-4,257915 -6,042364
-3,544940 -6,165624
-3,891836 -5,625582
-3,823836 -5,505440
-3,462667 -4,830646
0,914076 5,586419
0,633569 4,881442
-4,595892 -5,053716
0,355886 4,766047
-4,498713 -5,964895
-3,749356 -6,274900
1,644105 5,687671
0,652905 5,348470
1,001880 5,154867
0,739264 4,587670
1,156537 4,469622
1,462226 3,945213
-4,329062 -6,706090
1,935880 5,505506
-4,692058 -6,272525
0,067808 5,624443
-3,194778 -6,903079
0,531553 6,094587
-4,158556 -5,592001
-4,155120 -6,065042
1,375723 3,681979
1,820482 5,916993
0,337927 5,039261
-2,668966 -5,024245
1,053799 3,643907
1,524959 4,255426
-3,731135 -5,465050
1,797949 4,341946
-3,704787 -6,893396
-3,212610 -5,457836
-0,115097 4,548415
-2,669361 -6,272578
1,312618 5,801963
-2,553954 -6,305154
-3,535234 -5,903902
-2,701863 -6,090153
1,163472 3,860996
-0,011965 3,696371
