6675
-14284
-1396
87
80179
1064
-645
-852
13067
-93
-97
-89
-4901
-868
97
93
235
-87
-99
417
2004
-953
336
-7882
-44839
100
573
98
-93
99
-137
91
-90
-93
33460
5965
-9107
-93
17466
89
63137
468
8384
4404
93829
-87854
-81
-533
426
4141
9758
-31819
-4634
713
86
8738
-93
-85
-97
-98834
20320
-7378
-100
459
-75377
-84
4312
627
-99
-81
-14680
94
100
-17883
93
-610
774
-97
6993
6642
49101
-751
93
6127
9018
52348
-6245
219
-8762
67191
-1786
-2048
-85
-7239
-21989
86
-6442
-701
90
-1563
-853
812
87
-600
-81
530
293
86
36718
837
6997
-12416
-87810
60952
-97
-96
2898
-464
1221
-1206
-99
-3860
-865
-93
-584
9351
-6587
-99
81
-5841
301
64662
-2779
-96
95
-37637
-87
56663
-444
5216
6649
58103
820
-3196
-98
-50559
61199
-762
-932
98
-562
3781
400
-852
-85
126
-981
22899
-66686
-323
-76465
363
1328
-99655
-7084
295
-89
102
98
-9430
97
-96
-36387
990
56968
-5526
-170
-40927
-6766
-90
437
-4262
31637
-3134
52638
-90
-222
-876
18063
-13528
-9220
94
973
-7897
-7810
-8880
88
-8516
-80
-210
2643
-81
7244
41804
690
-99
658
-98295
89
801
-184
97947
-8338
-81
-80
5368
-28993
-9688
-86646
3229
231
55848
-184
-717
-5195
-4694
438
91
-73930
323
-875
97
91
591
-83770
917
12367
240
735
411
-72875
-93
-83
-7358
-6145
37364
-4459
-323
365
-6411
-92
-84
-4704
-491
-194
900
-98
62750
-38806
-11864
-82
-12542
73103
-28321
-577
98607
-272
-4665
-86
4060
-54018
-99
-467
-3812
-38888
9251
7598
-483
-3902
4174
741
-390
-8991
-92
-798
-4641
777
-75465
-86
-739
-88
-4358
-98612
-28525
521
97
-183
94
100
83227
24196
1362
86
-307
81
7179
89
-92
7642
-8064
25361
93
-585
-49900
-21679
-8213
80
94
3109
-87
-69734
120
905
-1548
-94
-83
55948
-97788
89
-214
-66153
-96
8338
-749
-65255
-77321
-49992
49321
-27902
-367
735
-173
-250
-65983
7681
-1625
-84
67600
35037
1225
249
40671
-97
37990
-89
-72791
-859
-6681
-32167
-61940
-80138
13576
-98560
259
95
-716
98
-15685
-77265
88
485
-7476
-69160
-28351
-18108
-75635
-379
84
3334
32084
-86
73641
-80308
-81
619
-6601
-9261
-92
408
-3016
44717
-92
-5305
-90
-792
-262
-73728
91441
-57034
84
-25171
31367
-423
-60985
-535
-79324
932
33130
-94
-97408
-8678
-46220
4986
-61730
-59186
-93
-55535
-98
94
94
2774
95
189
1038
-2702
-86
-771
-803
-121
-1126
41403
-1523
912
-344
-4426
-22750
-1779
-24578
-17043
-86
-376
98
540
-682
98
-6415
-850
47604
-18349
4420
5921
-70961
86
-4976
-808
-295
-51956
86
-14150
-3093
-54610
-22520
-65417
-31424
29212
5784
-83
131
-97
93
-86
943
-256
-93
-741
-856
7650
-701
-81
96
67000
-100
-4124
-89
9053
90
-1878
99
93
92
-91
-532
1360
-81
-282
-6571
-845
88
-82
-496
13382
-529
-2072
98
-100
-2367
-93392
21201
252
605
4415
-953
-305
-1424
3124
408
88
-89
-9339
547
-94111
1753
-4351
63283
42759
811
-88
-714
-260
-100
-3477
-23079
193
-1195
-474
-78932
94
920
35245
-573
51680
-702
-118
94
85
-561
-96
-2025
9702
20983
-91
28152
-3541
85
-6198
8835
-84
5919
-23931
218
-233
-86
-7685
150
89
93248
-81381
82
-82
89
-96
46000
-95
-90
-7022
83
-3423
916
89891
-809
5237
-114
18810
-96
1069
94
-207
-24945
-3309
40614
-5277
-98
31333
4338
-34747
-738
-29767
-74509
870
-624
-30216
-55500
-724
-774
2985
-518
3692
8028
-89
-580
-1684
-87
85
-47039
-91
-97
8688
4287
-435
69490
245
-6317
55379
645
2535
-85
312
27319
-4891
-95843
-846
77334
1332
479
-665
-914
24623
-10996
-84
-8634
9259
-374
-88094
-2193
-737
-918
-98
82
-628
87
-6667
-20867
85
90
-2220
98
-100
-81
-345
-906
9907
-28550
-14187
-247
92
66918
-84
931
98
95
18111
848
-87
944
6659
679
95
-88
838
-23869
-80
-85
573
-83
-772
-190
-82
-93
-85
372
224
748
-26626
-100
-528
-6009
-96
-96
913
87
899
310
-988
-1272
-4748
-33996
916
-6978
-7639
3882
60880
-1338
-8090
-4222
42634
-97969
-45413
7829
88
82
-88
-61674
-81990
-99
90
91
-535
-97
-44607
-8631
94
86
-89
-30854
90
-1189
-57817
857
-555
97
-3626
-7077
9996
1837
-5551
-22377
82
75391
-2567
-100
-95
-85
-87
-97
96
-8138
-207
-99
-722
8797
-3380
-3745
289
82
-97
4005
-22559
-97
-623
-82
859
-700
411
-54917
-82
-753
81
-70272
1759
-4814
-9527
-187
146
-88
-279
-87
59597
-784
83
-26273
-84
16574
189
-100
-3421
6718
346
-255
100
-92547
8965
-9609
-580
-89
-98
4399
-35395
19539
424
8559
9364
-97
-9638
-3267
5912
-1594
-4280
-9096
439
2431
90
-271
-98
1444
382
-218
-652
-6121
-92
70473
67189
146
-7935
-3746
-7827
-533
4931
5588
32515
-75765
-85898
33079
-96
-94
1970
-95
-17205
39653
-85
-199
-90
705
100
-98
550
-90
93
-1258
7715
-892
862
3951
976
80
-84
-175
-84
2920
96
-49366
99
98
83
-85
-309
86
-370
895
88
-85
-93
401
-85
-93
-205
-11626
-94
-140
34732
-41705
4269
-417
-934
-68400
-705
100
-2854
-96
-88
-575
-65433
-699
-9643
-11981
84
-875
97
-22838
-99
-35596
157
4916
-595
-50073
17207
-7379
-96
51227
7747
-98
96
-83
677
-981
98
-661
92
43365
-60659
-43803
1978
-4648
-8765
-5599
977
627
-833
-244
-392
-65589
82
9752
-3086
90
-897
90
725
-361
85
-5605
-29052
152
81
328
-5472
52413
95
7600
-8943
-23296
-84
205
97
2880
-80
-100
432
100
71840
-38521
-4741
4561
-80941
-2796
-88204
-100
269
607
-8096
92884
-81
-535
-19402
-7419
1604
-911
82
-91
-9186
-213
-32296
-21424
7081
454
-80
990
98
-503
-1826
-93
-63234
86
-2977
-97
9291
54405
-91
-8164
-9136
-92
-2908
-962
1313
-58076
-100
-774
-4426
-95386
93
95
-9064
-7695
78175
-57022
207
20906
46885
98
6059
2539
783
-95
-94
1285
3607
93
-91
905
-7391
-93
-23538
5756
-93
-319
45160
-393
89
-7303
-97783
-98
-677
-4221
86038
-82
-9208
-68200
-8843
-810
241
-539
-81795
-7561
-6729
761
-81
944
6762
6031
650
7627
-97
944
-3444
83
-92
-95
-2037
39352
709
3398
-90312
87
-85210
-9966
78229
-64443
-704
3483
437
-80162
3710
388
-138
-49101
544
8349
-33823
2930
-7106
-715
-85455
-74683
-74654
56452
-8281
113
17821
-91
84
-115
-97
-644
-9087
-95549
6286
90
230
-894
16277
-8603
-357
-94
-559
-98315
-956
-2670
-319
-98
-6418
-100
586
48536
-98
-97
86
-6957
-9664
-585
-2692
55791
-7090
-375
-87
-84
-6718
-489
3078
-81815
89
124
385
863
-9771
-1804
-96694
302
-33448
-78670
-148
-84113
-6196
-469
-691
986
5797
81
88
831
91
7672
-90372
-945
-94
-88980
-162
-7288
-98
8732
-6396
-652
-1023
-8155
-77524
93
-93
-85
-331
-443
-98819
3963
-82
663
186
399
695
-977
-83
908
-38327
-300
753
805
102
3082
606
96
92
508
91
-5704
-10969
-1086
99
-29192
4207
-10874
-5546
-1915
-82746
1822
93
44733
-8115
86
55376
34324
-2459
-17075
433
42556
-2312
-99
-90503
89
91
-95168
3873
-380
-893
122
-27861
5307
-128
-85
-84
-96
-782
-1575
-36757
-83
-4557
-20772
-21134
-881
-825
-100
-97
94085
-386
-68963
-190
1020
65285
4767
-38017
-1322
-569
-803
-85768
-792
-54751
88
63094
-8770
-9688
-7526
-87
7434
-17668
-85
36535
-1906
-88
-170
234
-100
715
-85
-2873
-89
8545
44617
-98473
-88914
-93
-8935
9983
-81
280
-55119
-97017
7984
84252
-2630
262
80
-4762
-89
4816
327
74296
-82
-99363
-47273
-66095
-178
90
-473
82
2017
-86
91005
-99
-7552
-6754
99
-858
-56418
-80
590
-976
81
9436
557
-100
-92175
-4099
-88
70552
-685
885
892
-73155
97
7054
-6220
96
285
-5751
8887
-907
-91
73565
-4438
5243
-3630
90
-44946
-82
-582
187
7377
-95
-3073
-3542
-6833
-91
86
91
-263
4132
86
6565
-100
-16380
-2257
83
5820
-62351
1370
-100
-5458
-90
-36410
-607
-88
-7281
-80264
-839
-5811
11152
-83
-328
20533
771
566
25035
-4524
-325
-278
4935
355
-590
31422
-88
-16239
664
-417
-956
-73781
34382
-8323
86704
3856
-3516
-496
67141
718
-10640
-58661
-90
-85992
-95
-9030
500
-1888
-974
-889
100
-9061
-2289
6534
-91
-32067
-3877
-78055
-634
-380
-557
-87
539
-82
-390
-515
-93
-15540
-539
4826
83
-94
-69255
94
-87
19040
433
819
-297
1713
8882
-853
-91781
-89110
18356
988
83
-91652
294
-94
87
-91
9132
-95
-22812
7208
-6196
-94973
-723
-42434
-33411
51301
98
-50585
-78599
-90
9957
97
-8581
90
1468
-6659
95
4701
-4784
-15273
4305
-90
-4632
-655
99
-52291
-5463
-4492
-208
10227
-64288
90
252
89
4235
94
54393
8922
384
-2483
-488
6990
-122
-92344
-3497
23595
-829
80
648
87
-61916
-5180
81
-9900
-971
-471
-6608
4948
768
87
-455
-431
-61089
1140
-502
-83
3134
-912
98
-92
-57136
-87
5526
99
986
-7962
16170
49959
27004
-5031
83
-9003
-45180
-88411
774
90
-81
-838
686
-189
-9283
32330
-80
3064
-89
-71090
95
-332
-8574
-98925
-92
-478
-9751
93659
-301
-6316
96782
73153
-21513
83932
-68620
-953
-476
39257
-91
96
-18300
242
96
-2286
89
83
9489
87911
-464
778
81
7584
-229
-6398
123
238
-435
-109
6401
-42560
508
71015
558
20916
-7370
-852
-9448
5651
-96327
-7700
176
-83
876
-8572
2723
84
-86
-83
-853
98
44091
-515
-83
-97
-95
84992
-937
-9037
25418
5562
-7497
-15294
-1035
220
-83
76090
-344
777
-44277
-2366
-5105
-63404
7800
-91
1097
100
-2380
-99
-96986
-1085
1986
-87
-84
-88
-89
-98
19087
222
760
609
11318
-85
-2664
-94786
25673
-91
-88
93
48686
595
-115
191
-10239
-90
-7112
-3396
-9217
6113
-898
-95
84
96614
-8534
124
-83
81
97628
-266
-456
201
5997
248
-24493
-93572
544
-93
-2388
-44968
-93
-754
93
-85
3558
-385
-8508
181
6774
-9582
-99
5242
5870
258
864
2708
-74018
27190
-97446
40769
-5007
-6711
-3810
-90
-9126
-4075
-7529
-84845
-971
147
-1536
-87
77653
-798
97
94
-279
8848
-27768
-7384
830
88
-577
-80
-378
-99098
-84
-83
86170
-99
2232
-100
40149
-948
-92
-88
-9620
63680
-1889
883
-81
86
-597
90
25660
-484
-798
48221
-633
32595
21183
96
-84
-8421
46017
-485
551
146
-8773
-83
5453
-952
-9515
-9712
86182
1342
-3559
-85
-85
-80
914
-99
-84
-564
-82
-577
-2838
64856
-4348
48464
-308
-414
421
-91957
97
84
-86
-100
6543
-4838
-23424
-45766
-972
-97663
91
-90
18779
7812
-33515
-194
-610
473
-211
-88
-100
-187
-375
-91525
-6649
-58037
843
188
-156
-90724
361
91
3882
-92
92
97791
-922
-11720
556
-946
-97
-8363
-3031
614
-84
-572
59964
4457
-632
-94
-87
-97
-238
-7387
-56430
-142
-90828
-897
55912
71982
-422
1851
-97
-178
-851
-78510
-8130
-305
-22062
3247
988
-8882
-3749
12390
-43506
-96
-22419
-89
-92
-9857
76068
87447
-50668
-80
-417
-83
-97520
86
-98877
83
-187
-64582
-85
-350
-5215
8321
-80
-407
69736
-920
65516
-3898
57430
-98360
-16326
416
-6469
820
-99
-6592
-1614
-38822
-57648
44656
-205
-85
6161
-69427
72892
767
-96273
-88191
-628
-606
6774
-59228
81
-80
269
-96
-69160
-81
-116
-18285
-93
-506
-85
6842
-29379
-80
9321
-85
-5706
732
-395
-6939
-44543
9617
-383
18693
-2887
-338
167
-752
2592
5363
-7748
962
-6487
-81294
-15091
-1994
58692
-474
-85947
-7794
-2637
-136
579
40107
192
-5091
-95434
8954
1721
83
-80
285
-517
-193
9334
-86547
2994
91
82
-90
-94
-655
-96
354
-79511
1533
-673
-37044
-96
-17879
-284
81
-246
94
-6112
-97
7548
-2021
-95
99
403
-748
-9552
-9899
80
-97
83
35603
4053
-9950
7340
96
91
94
-62280
-428
-98
94063
-34219
-81
-84
-91
-54068
7131
-100
25557
-80
-42772
-5207
746
-9547
7878
-622
825
-585
-4250
9755
-8233
759
-851
-4729
91
1714
-43352
-10375
-1377
-5817
-80
-4135
28841
6693
-17729
-90
-9026
-26936
-91
6511
5612
-34314
-517
-849
-93
4011
80863
-720
-36627
-58701
-8932
-6120
-5129
447
62571
-1449
5889
-43101
98
-649
-639
693
-88
-6013
-39375
9643
92
-86
83549
2172
65558
-7743
-83
-150
-85
2058
522
-2116
-89
-780
-98
95
99
-41595
7414
46412
88
716
118
500
281
92
-99898
48677
-2929
86
-674
-7644
-944
27985
371
86
-94
98
-1177
-4161
-8089
-3927
-22379
-100
-94
-995
34834
-91
915
-94
-172
-411
-952
31063
646
-130
-22765
-4470
-97
-97
-29113
263
-56502
-240
87
3276
-95
-15394
-523
92
690
4504
158
-3724
314
-240
-26918
83
25891
82
7582
-52146
90
82
3808
-93548
-3559
-806
6866
-618
-82985
75826
-85
-100
66723
88
-976
-837
-6698
-6690
95337
-5513
-226
-863
95
332
72137
-87
-6553
94
-95
-8642
-361
-71693
-85
-667
-84444
-5856
-94
384
1643
-7301
-83
-1263
-70237
-100
674
81
800
-144
-36452
86
90
-81
-4667
-1144
83
3428
-27277
8008
-2279
3899
-76519
-52493
-80665
-27259
-82064
72149
21234
59477
143
10337
156
7895
35939
-83
-989
-665
-4269
542
42032
5441
-407
-73279
99
4646
-84
-94
-97
85
-84
7818
344
-90
-89
-593
-723
877
83
-81
-106
798
-99
8355
-85
-724
-93
-58922
-534
536
84691
-80
-4449
264
-94
-88
-2336
-85
-21658
-94
87
423
85
101
98
-72750
-1526
-94
-3082
-175
-40540
92
-92714
-713
80
-93
-988
3456
-446
-64442
84
1318
81774
3771
71081
30731
-473
9781
-190
-7606
-49502
-86
245
86
43440
8906
-95
-2144
-53639
55845
90
-81
-873
93
51743
-658
-93634
-32476
-90
-88
-88
92
-93
916
-349
-80
-7164
100
283
89298
-498
-71837
12806
-87
-930
-7783
-6480
9827
-26052
930
8344
-938
-86
-4749
458
-127
85
-5106
807
-68848
-71743
-89
85
207
42830
-84624
490
-685
-6069
-9441
-35157
-956
-95
-86
-8074
-95
-90
-3947
-98004
-93
46038
189
-99
376
-1907
-83
-23678
-100
-198
94
-446
17105
-137
-4005
6533
-45011
914
703
-682
-59266
1413
89
5890
-3720
-97
-7140
-100
89339
-74917
-87
-744
-3667
748
326
-394
27506
-100
5690
76926
-228
81
-46989
-935
91
-93
-4503
8677
94
-13057
-5198
985
-95
96
-511
-99630
1124
5687
96920
-257
-1000
-81
8416
8511
-721
-966
-324
83
-79388
7529
-1821
1890
-789
86
-2398
-384
86
-933
-26469
-231
-5622
-725
-95
-100
786
210
-84
-964
178
-3926
-5221
-84
-697
87
8508
7590
-737
-493
-3343
-376
98
-96
-6774
42706
-1020
18204
3954
-4393
-92
98
-903
-931
9701
574
6212
-6405
-845
-457
21876
-84
-28952
46117
7193
1678
-697
-915
-1400
331
-754
-82
-997
-594
-88
4083
5355
68247
-87
87
-91
20459
-6338
82
-9047
-825
-100
-97
-93
665
99
-96
-91
3869
928
-98
-27785
-82
967
61127
-7508
-88
-488
-21336
-84691
-673
3745
-7406
-5533
-96
615
-86
1975
-52802
6209
863
-13139
-253
-91209
121
8831
93
-65633
402
-86
-878
-5658
-577
-8871
100
-809
92
99
291
-90
3796
752
-98
-95512
84
3189
-7593
-856
1740
8797
-9237
-96840
-762
-740
-7025
-5563
-60216
-96
-534
-7703
33347
-34438
-88
-5088
-567
221
-73143
-7687
-90
4321
4140
28144
746
921
-98
-662
-90
-71316
-2949
883
-6819
-927
10752
-9029
-7767
84
-400
-87
75333
-88070
-769
-91999
-9486
3062
-16839
6317
63712
-648
-807
4731
-272
-553
-710
-1849
-82
-7239
-28138
-6781
-71906
-70834
-2696
-250
6345
62243
-38679
-137
-3523
956
-685
-947
142
10864
-47201
100
100
-6406
-4802
-98
-20666
-82
95
-83
38639
65016
372
405
264
-647
-51191
8825
8428
-624
2447
92
62568
-94
-94319
-6173
46838
-37420
-1565
-441
-2437
2503
100
-185
-14709
-59949
-576
-818
85
342
-7159
96
66346
-89
-528
-88
-84
-6129
-371
-7550
8929
94
-82
99
9433
9779
-85565
87
2408
-48920
-726
-76496
-364
-82
457
-68503
541
3357
82
-598
6186
12299
-4370
9917
-84
-85
-5873
-568
-923
-8828
-82
-365
-57591
-97
-279
-83
-81
-65550
-824
714
-7926
3680
-2057
94
-36421
-38733
-1387
-27789
85
4889
68321
-90
-38072
-5440
-31300
-38055
794
-88
-714
-459
731
-131
91
-44079
-38135
-3831
91
-96
-5094
-44768
-6599
-805
-2616
-892
87
-24334
-271
89000
72192
88555
-92
-90
-96746
81
-93
-885
-883
-7787
44269
-96
614
-5945
90
-89
84
-4215
-1299
137
884
4100
-41759
-7902
-6367
97
5959
54741
-882
742
-47921
-4261
-6126
2781
391
55330
51333
89
-57512
80
7356
-610
-5553
615
-4988
-86
-100
99
-187
98642
945
-85
-1093
958
-72303
-8297
-60320
8230
4638
-413
515
97
-692
-4150
-31438
645
-98629
-92520
-5502
-546
-500
9924
-96
-3145
-615
-805
-89
6422
82952
27004
-828
-93
-693
81
-297
-381
1610
-3637
90
91
972
859
-1487
-301
83
-98
-4351
656
839
8190
7754
86
-451
84
-753
-7891
-6962
-90
675
-89
-3365
-9796
86
-41302
-27311
40839
8139
-23712
-6543
-3108
-788
5918
-96674
8485
-510
-209
-109
75126
91550
16482
-59617
-5586
92
3275
-84038
940
419
86
-56832
-413
537
4068
-83
-94
-7754
-90
-83
9428
26726
9122
-59859
-644
-1658
-39328
-59814
-6090
834
-3063
-38139
-8735
-7027
-989
-85
806
227
-80
-100
-226
-55074
-93553
-93
-268
-440
-97
-79332
56471
97
405
-4406
332
98
-265
-4833
-114
-4447
-82834
-41910
58081
-321
2107
-99
76951
80
-6677
-3765
-53789
-1345
-90
-362
10810
-87
134
28052
157
-26581
34749
4061
490
952
4199
-6679
970
81
-880
-32156
97
-98979
77586
493
-9937
-90676
-86
-4296
-86
995
7511
100
2608
-215
3710
-246
-777
-92
87
93
-88
-89
-3629
-644
86
-78051
187
-98
-59588
5364
-9582
-8427
159
-6814
57868
106
-100
85
100
-98
-641
-7914
684
4551
-74634
-142
-80
-97
99
95
-5302
-6211
-1692
35036
22179
127
-4409
-218
-87
-6330
8615
-3950
-12834
-423
4914
87
3223
9693
3972
181
196
-804
-81254
510
6982
-85409
5456
96
26956
-351
4221
-90
73096
4685
-88
-4607
-33020
76568
-252
83506
5369
-87510
-431
827
-84
5364
85
-266
-97
-316
-9405
-87
-85917
-88
8570
215
-37983
-542
81
-10367
-86
82
-32919
-405
-552
91
8267
-56505
7817
-89
-95
-86
90
-82373
88
4305
-219
-393
-2318
4028
1285
-80
-8922
4196
-1282
142
-91
43645
-46582
-428
83
-43462
-113
-99682
-85
-52892
-572
-492
-6237
-2190
36371
77497
92
-745
70618
92
46137
-373
1224
-90
-868
-92
-282
-1349
-93
-737
4393
-241
9853
-3317
100
-95962
157
-69136
85
-89
-81
397
-9056
6531
2144
83797
5823
-83
100
-817
35205
-696
-993
-603
-22616
89
-95
-445
667
284
7236
100
2821
-100
4909
265
-409
-378
917
-93
95
40411
-92
-310
-742
-96122
-731
54368
-97
-51452
19619
93
6253
-43879
-8939
665
-95
11448
-87
-81
-78281
-90
-474
518
-427
-94
-681
-31035
7839
-86
-42804
-3609
4395
-1316
-94
-549
-97
-75890
-5142
-50956
4326
-1738
-89
88
57774
1211
-18714
-34128
421
-100
-170
-112
57452
-1757
-93
87
80863
-3683
85
441
-428
-34679
97
-649
-5004
812
-27001
80
656
24744
-100
-49649
273
-430
6294
84
-85
645
9043
400
-673
-96
-210
892
-517
87
824
126
-99
-85
-656
3210
5004
-94
-4913
-8060
89
-799
-741
50090
-8158
-87
-3241
420
492
-673
-1306
-20053
-18751
3490
-87
-647
4602
160
86
-867
93
944
-999
-618
105
41906
-259
-12665
89
-781
63829
74790
849
7092
-67664
-92
89
-23840
-836
83
-3517
-4579
-22706
-49510
92
655
263
8338
99
16045
-235
-345
-770
9345
-98
97
-872
-334
146
168
3897
-38128
-48401
-82
94
-50518
-1536
34693
-239
-9903
-5455
-87
-91
624
-936
-91
-41476
-780
-86
-205
-839
-81
-3661
4203
-53039
89848
-290
-1232
913
-36708
-86
-760
808
-47870
-19768
9115
-477
-94
-4872
-31547
-43781
-6875
-5768
-652
-53054
-874
-5473
79741
377
86
-636
9800
730
43441
-7938
6218
-404
-84
5067
99
-80
9900
2633
8109
-861
-81
-79449
-97150
958
-4135
-88
101
-83
-78944
6448
4618
5575
-5529
-92204
97
232
-656
-47063
4537
-4863
-181
-91
734
339
92
-92735
199
99
96
-53389
-84
-9552
1313
61925
984
5490
89368
82
-88
-88
51528
-342
-976
1563
-803
-88
-856
-3252
91559
99
-1107
-95
29639
84
-9240
-411
-80
6483
87
-896
-3771
898
-2925
7925
1721
-8176
-446
4590
883
-50115
-84
-588
878
2411
1650
21133
-55414
-5180
-90
-20287
-6974
2814
-200
252
-96
-99
3925
-96
-65486
8207
9011
-92
33445
765
2112
-368
-6734
-88
98
-780
96
-15415
97
-866
97089
-8092
-719
334
9812
76729
5189
3927
-38047
-17430
-19965
2725
-80
-478
11848
7242
-92
-743
-4099
-91
-2016
9414
7468
-736
-619
-635
92
-5638
-388
86
-929
-918
5141
-2415
67276
25988
-81
99
-99
-26173
-134
-1980
-2440
-50363
-993
1360
83114
-344
-82
74258
-99
794
-107
-91
-463
-60953
1500
3142
-70181
81
-92
15872
-89845
889
-151
-10462
-1929
-7955
-2799
-31322
60128
1795
-466
5731
17787
-82
-10758
91425
-21926
-713
-84
-907
61713
-94
664
-962
44162
-59842
-968
-92
-283
3964
-81
-80
8786
40541
-280
-62300
-587
-90
-80235
-94256
-839
82
-76238
-656
-66042
-661
-4356
-94139
-90
-880
83
-46047
2432
88
462
-381
-1256
-8604
99319
6146
-737
42231
-89
68005
-82
523
-2131
-871
704
-665
-86
-7592
-880
-82
-44674
-384
-94
-80
627
-70500
-97
594
3591
-8619
-84
81
256
38277
-652
-430
94
-136
-8333
-86
-82
-8361
-91290
993
-87
-94
-6062
-6835
-97
-5216
2588
-545
-455
11566
-6105
-318
-3509
5372
-64338
9588
-88
-84674
-98
82
-955
-178
7622
-501
8234
-353
275
-670
90
-888
7069
-919
5530
-95366
-97
-6489
-92
-792
513
-476
-810
91
-88
396
-4016
2231
-785
-502
-609
-44400
-94
-723
91
-90
892
97563
518
-79199
-56474
99
100
-8748
-83
-92
-85
744
86
-97
771
54044
-84
99
703
-98
271
94
-754
94
-574
7263
-6135
-87
-97
96
86
5883
-6675
-80
672
-741
-55178
41011
-867
-33095
-454
-286
-357
82
509
-209
7739
92
-2898
-98
-79507
90
-873
17071
91
-86
-39475
-7086
-156
-639
49061
-53688
-100
87
-8598
29385
85338
216
-113
-761
1626
-82
-87843
7392
-188
-222
-228
-87653
-877
-895
87
-630
-8877
94
172
-91
-436
-29607
-11394
-3545
348
83
-81
773
-17888
149
-89
-82
-100
-1839
-985
95634
-89
-38406
-91
91
89
748
97
350
90
6751
110
539
-83
-5844
106
1341
-5346
1733
46215
-92
-23031
-1514
16590
-2914
-96
-263
-6183
64225
-97
80
-74505
-90
-7057
5185
-27469
-553
96
-466
815
-3687
-4693
-93
-98
58956
-80
-60538
-82880
-22359
-589
-708
-87183
4325
90
-87
-83
186
99
424
4826
94
-7481
-35191
-57237
-3328
99
-88145
-80
2081
-177
-2199
5891
-226
165
81
-2297
-4101
-30830
557
811
-81
80
-218
8865
-136
-780
-6690
71287
-807
-1243
-732
-100
-3868
9328
-94995
-8069
65479
-7889
-5880
8590
86
-27561
-82
169
865
-430
-5383
-9991
-89702
-2334
-521
91
-306
9864
-98
87
-25827
-5274
91
254
-1378
789
31478
-571
-8633
-642
100
-2620
-740
3381
-93
15545
-820
-9486
-526
-87
122
-90
92017
-8514
-77781
63797
87
-571
96
-710
83563
-3040
-25510
-40514
214
-88
14932
-76252
-2400
-3339
-5595
-6531
93
-6548
-73560
-742
69183
-307
-91
-2853
-91
-89
9416
-83
-94
602
-99
-11439
-591
-31772
1283
6837
-24952
-9155
-879
-92
303
90288
87
6400
-94
-91
-99
9767
-4526
-500
-8851
-28195
-704
95
-85
-386
-933
-82
-368
312
-927
-50639
11279
-59860
-684
-1890
7144
-608
-4570
-135
274
91
-1121
-482
-55785
-435
7386
95
84
-7752
7735
-513
-87
-831
523
-46028
7607
8535
90
845
-98
-213
94
-7772
-85
1875
-93
96
-8394
-18272
487
-19586
-675
457
-3506
4989
96
3078
-720
-227
-99382
-8789
197
-87
286
19919
-455
3593
-53028
-87031
96
85
7346
80662
412
6367
87813
-61012
99118
194
90771
27907
-2014
-95850
-943
-3873
-694
-34706
7703
-89
-982
-91
-7661
-205
83
-6004
-188
80
-879
-28877
-92
-84069
-86
62728
-905
97
-90448
236
-83
85
95
-853
63577
-431
909
3161
92
-9288
-10820
636
725
59992
5464
-86
81
17569
-12296
91185
-25535
999
-96
-6755
-82
-47118
-25365
87
-21506
-85
4424
-668
-9451
-4609
-5434
-95048
-7666
-52533
-8291
98
86
-84
299
-5667
425
-80
86
-29338
-3426
-99
-12977
-84
-5249
-422
711
-13026
-459
95
-98
2292
-713
-79518
6155
-100
-6884
-1241
85
-608
-97
-1659
91
-80
-95
82165
3396
856
8690
8310
142
87
-84
-100
6335
93
-739
-401
-96
-43547
98
3974
71083
741
81
-32318
9439
-100
-3791
-65737
-828
92
372
-9731
-7092
-946
169
52473
-6549
-80
3769
512
983
-191
-6155
-90764
-92809
-82
81
88
2194
567
-119
10706
100
-48011
-30444
-87
87
2952
-61792
-99961
-87
-4083
39009
-92
-6142
-66344
34436
96
-237
95
-87
-9710
-4057
-484
-83
-95
-21270
6351
-6400
-921
536
-99
-97
6886
7836
-703
-96972
835
-840
9496
3471
-87399
-67100
4874
198
13262
-666
-90
98834
-92
811
89619
-8512
-56887
13157
85830
85
1791
-4321
40242
-99333
-157
9910
-970
9055
396
-9005
80
-983
93577
5489
65259
-671
-220
286
85
293
99
85
-268
-12386
-3768
-54475
16304
62764
529
-45265
-371
-448
-476
-42974
-377
89
-81
15106
779
52622
-18610
-200
-43893
98
3830
9801
-74365
898
7078
-424
99
281
3610
-8970
-1740
-73567
85449
96
-91438
2891
981
91
-91
42896
-779
-1000
-533
-492
-329
-87
-87
635
-528
250
85
-23701
-88078
91
-24744
66032
-4787
-615
3634
93
748
-99
-7686
-86801
91
-9906
37583
-156
-48309
-822
-467
-85
82
-88
58746
-80932
-741
39538
-49368
-58246
35812
-96
-92
-977
-8635
-93
-88
99
599
-45150
-124
90
-8351
5598
-6963
-6201
-10817
3289
-9717
-320
-8250
-92
-815
3628
2798
85
1043
75760
83
-445
-563
771
85
9993
-36833
-130
-18078
-97
-34376
8029
6286
-81647
35140
-84
-8737
9644
-1294
151
-982
-99
-958
-96
8910
-99
92379
949
-30190
-6186
-98
-6388
97
-81
2253
-665
2728
7671
80
99
-92
632
-1973
82
417
78602
80
-27801
79265
-326
-42651
-5887
130
86
18730
3603
-58062
93
-81
-80
86
985
-7083
-179
2299
-5546
-87695
-8072
-866
9856
733
-2561
874
3231
-25919
-9528
932
75881
-82
-9240
9567
5761
-596
-967
700
28235
-801
95
-373
-80
-81
-82
4571
44548
-7422
-5600
-1105
-81
-50412
86
2805
-204
2318
365
-99
-4092
-464
2800
330
-19916
-99
-82
-97
8422
-1012
-88
89
-23090
-99028
-85876
94
-94099
-433
-2901
-82
89653
84
-83
-90
90
24192
-91
-49534
-96
14460
-89
-74584
50200
32250
-255
-996
-87964
-2580
43850
-97
7116
-81
-36703
-80
-3250
-92
-774
88
-95
-55381
-7675
-953
-62525
-21209
207
-87
-2912
-97
88
738
-385
8566
93753
-1695
-8095
-407
-815
12152
743
-903
81
-13616
81722
-80
-236
-86
-328
-29495
6235
-895
541
-97599
-432
-89
89
91
24866
-7242
-77720
36139
93
-67788
-1491
99035
-652
6025
79742
7479
-3672
97
-7367
-13379
7971
-97
-2311
-582
-13696
969
-99
-88017
-95
64717
-98
-98
69025
-83
-57263
-53835
-8185
-610
-332
-4975
5928
57147
-83
-5726
-497
90941
91
98
-51702
-77896
-91
-1892
96
537
83
9064
-852
2443
-87
-46624
9443
4872
-97
-94
360
-6189
86
-84
-7463
-444
-75137
-95
-46727
2781
86
9986
-5806
-36393
-39043
-6503
97121
-40922
9774
88
-85
-465
-13918
7803
-507
-264
719
6174
-893
-94
6153
655
-7581
84
-9920
80
9063
-87
92
-86
67848
-974
-92
-94
96
-207
-98
178
2390
745
-1096
-84
-994
-84534
-3257
-33469
4394
-800
80
1172
-95
-84
-82
-74455
-2227
-824
-6607
90
-2079
93
525
-28672
94
-98
-64360
5383
18316
-884
87
698
-85920
86
-951
-36042
6929
-22769
80
-649
-92
-499
-428
-7546
-87
39275
85
766
631
-3927
-93
88
-524
87
5831
-1940
-726
8842
862
-4185
-90
65326
-92
-99
-87414
2785
-50131
-33707
-15660
-8298
-658
-348
-94
-59850
4054
84
-92
94
623
-85
-98
-53698
210
1276
-864
-85
14752
-616
11714
-59755
340
7585
655
-5056
-628
-669
6048
-40369
-89
509
-4052
-75813
-69397
-4365
-235
-85
-387
5317
-4746
93050
-37115
-81
82
-869
91
-22649
-82
96
-615
-684
-892
-952
50107
5445
-19033
-20912
-100
-81
90
-91
49115
10419
-88
-80
1917
-44238
-11452
-100
95
-9751
-2322
-80
9310
-9085
-467
2904
-96
90
-64029
-43973
-655
-72590
-82
89
8364
-184
-425
-303
-96
62537
324
-86
-83
-7270
17637
-765
89
880
4290
-8902
-345
-1793
64576
-300
7504
199
-9944
-31615
-716
1516
-738
-898
-3141
-3597
943
-9902
276
-82
-100
-252
78535
-500
-3283
-88
-64362
63592
-714
-100
4512
-7673
-650
-9375
101
-5984
95
-2601
518
56828
-20329
91
-87
80058
9495
-436
-6753
704
-77238
-95
-97
-255
-3929
-1711
9500
4941
83
-99
6332
2071
-817
96
-73693
-1583
2704
-96
-786
95
684
1429
-92
-584
8517
-7672
177
-523
-9103
-69347
92
-78854
-410
-860
-332
-85
-84
419
54445
57166
80
-6554
-92
-9173
40631
-16798
-9107
64337
-4720
-75764
-653
-247
-271
5575
-5222
-566
98
98
-96
9576
70925
85
51253
-644
-87
-81
717
82
-835
643
-90
-88
18311
843
70678
802
14528
-82
7676
32337
99
133
-100
-74651
63718
59177
-87
-509
-93
-92142
-417
-91
141
-9117
-8640
82
-89
-2789
-98392
95
-69333
-937
-65998
-982
46436
-6445
89328
36194
963
-88
-6392
-785
13633
-5245
287
-99383
745
-1894
-8377
7234
727
-93
91
-2994
635
-782
-85
510
-397
1010
-97
-6542
-547
-652
-57486
-84
-82
7211
-9458
170
243
769
-223
-860
840
100
-5550
7106
-94
83
84173
-642
-263
-94
87
1072
-4948
-85
96
75946
-96
3007
46867
88
-60275
83
252
-58701
-3575
-944
-4609
87639
87339
-5919
-87
-100
-976
41903
31913
-467
465
-88
88
318
2080
-388
-125
-2811
-24586
-5927
23230
651
35095
93
23255
-8298
-92208
-99
-2907
-17303
-6137
5185
-31994
-6226
-7849
48056
-7363
-189
-85071
652
-82581
8430
769
66076
-3333
-47126
946
190
-16775
-83
-231
862
-56970
8579
60267
-82301
-97
-91
-9489
-6128
-88
53024
5539
-96
-8946
-33521
-1256
12129
-9370
-3034
-4604
-73590
-4096
-537
717
-22309
-81
-45584
-3164
89
89
-100
-7232
-515
-95
-65012
4617
-9029
-98
2886
96
-3771
-4720
-23722
-86
-76002
376
618
-95
-571
33218
-90
9268
167
924
-98
594
-198
-86
-4277
-344
-5621
-2502
-257
76564
-370
5548
41648
-786
-389
268
31027
-100
-67691
926
-4621
-37154
-15506
-95
-224
-100
-411
2093
-93
-5066
-745
-8097
566
-48651
-977
94164
2502
-15848
-38038
-277
90
138
-33147
-45874
3461
-5995
-100
88
-25100
-2500
-61337
7147
429
197
5778
-837
-88215
655
75037
480
-77085
-431
47979
-99
-3466
-3583
-97393
96
82
-235
36528
-99
-43068
809
7294
-95
7763
-93
90
6891
42017
60517
42824
-8040
-83674
-5513
59247
41426
-83
83
61973
-842
-3709
-279
90
3470
-71543
-26702
87
-2324
58665
-87
-1137
6738
-50366
-946
94
-493
84
-888
-9842
-90
-969
-95878
-4357
-30545
50332
83
-459
-87
-96
81
-83
-548
616
-569
87
-48148
90
-6031
82
10151
-73169
-3162
-100
8894
-54899
6996
4505
-902
881
639
95622
3062
-46362
-2306
6952
8151
-86512
60573
501
-43367
-91129
-9483
1575
-609
-795
-51498
-97
893
-99
-5771
-35425
-83
715
-85
-53881
786
-976
-9839
177
-435
-8283
-33910
-90
-4122
-26728
-82
-90
30381
-2534
58661
930
86
89
-17390
-234
-565
-84
827
-1700
117
93
-9753
709
-2865
-5325
-84
-81
-53074
5449
96884
-74722
-9681
-59836
-4790
-1489
-97
-90682
-5603
-282
-87322
203
9193
4235
-300
-310
-8684
413
-828
-32175
85
-147
-90
-80606
53669
73910
-89
274
98389
-93
-805
94
-883
-713
-90
99
-82983
-2087
-85062
-85
-82
91
-19453
-91459
9198
-840
-3372
5206
94
-6304
95965
-236
-850
-9694
-55619
44056
84
-938
90170
57050
-125
92
-93
243
675
87
-57037
-42301
-92
-8711
-49129
-59439
93477
-1290
-80
91
588
-99
4066
-281
-37747
-4111
1738
-568
7333
-99
-12776
-96
-307
-742
-54446
-585
6368
86
-189
-88
6938
100
-83438
27784
630
-114
1912
-83
-262
-8882
-88
-80
-3414
-93
-51507
-908
82127
4035
-252
-146
46470
-2114
-60989
216
-5579
-761
-97
52146
-87
-97808
-395
-344
84
-110
-4355
86
-9096
88
90
-37365
-987
354
-82760
-449
-708
-98
-2612
100
-86
-520
-523
99
-213
-7080
540
-18013
-7619
60881
-88
-6141
87
-59368
-25161
-94926
-508
68090
266
-9026
769
-94
-82
-56415
-220
-4403
-715
205
-5273
99
36199
498
43348
-7763
5271
10175
-89
97664
-88
894
-17990
-88
-92
-97
-81
85182
98
-14605
93073
-81992
26951
87
-1681
289
-97
-863
647
-4033
13348
806
-91
-86
3734
-80
58414
9686
94
84
-4466
-29414
-70225
7639
-6270
-65868
-84
-184
-49686
-71567
-88
-8278
7768
-96
437
-100
-82
-408
-86
-12079
-82860
-4594
-1976
-349
-93
896
-89
-8849
77605
-70419
52768
1936
-55515
-84975
-80
-931
79401
-247
785
-78058
-2237
-58469
-85
-87
83
-4428
4350
-89184
-1829
8623
-6805
19563
-36106
-614
-73004
-91
266
2871
-247
96088
-82
-486
-176
-997
-7449
-540
-75775
-97
-90
-90
1727
-8112
2756
-250
-90
623
279
452
28224
-82
509
686
-80
36295
-90
4987
-728
-65684
96709
309
-89113
-7075
80398
-92
-87
-83
1563
-88
-929
-8634
6044
43019
81
-37564
-62115
-305
366
-89
153
-8341
-969
-86726
-579
-15981
4728
8143
-35235
3451
-82
316
94472
-92
-233
48992
-360
68278
78252
7996
-6185
-100
-830
-2738
-593
-2068
-6748
-5825
520
428
-1204
609
-4650
80
82
5606
-71089
-7470
-6258
-3898
80508
-82
-1585
-6994
-99
88741
-661
-606
-783
-100
831
-93
-100
-39345
-28121
131
-124
-74479
-57780
-1834
-560
-53341
497
-92
4261
84
87
480
7658
-7826
-7463
-4423
-786
-9057
84
85847
95
87
-6600
-87762
55585
-2713
543
90
95235
996
-4329
-7436
98
-6263
-9691
-80
18484
92420
982
-37493
-88
6505
1149
23031
90
-11489
1861
-49908
-395
-97
-94
360
-63308
-23052
-39916
7286
-24283
-558
-183
-7673
-82
77331
94
-17326
-38781
5077
-86
-86
-965
3875
227
3930
98
-824
-1071
-8663
-89
431
-3202
-68373
-7990
-94
97
-44114
-6967
9434
31808
-86
94
-99
-532
-99
-455
94
-90
-95
-1517
92
-113
-86
-988
-5366
82
255
-88
-365
-16990
-93
298
72768
-89007
-14004
-4934
-86
-89
-98
-26254
-83
-746
-84
-36894
-48321
-958
81145
-86
16457
-94
-739
-6942
-12748
-3709
8750
-415
34379
-94
-3017
8417
96
-4626
-81766
-9375
-767
-444
93
-520
96
-28111
-784
972
646
908
-14226
-98
-771
217
93
-79219
-88
-92
34980
86
80
-9189
-9643
38477
-787
-783
18781
-99488
85
-9887
-3431
-86
-34378
91
850
-4291
40634
968
-98994
62819
-28892
-5164
-32801
-2531
-84560
-64854
-175
-43554
-437
87
-1506
-87
-302
-232
-2178
88
-899
-94
1760
-52789
-4245
4588
-25291
-829
17781
553
-92
-1739
7648
-93
-85
-89
4045
9690
-187
-80
-7446
5044
-686
-33010
883
-622
-1008
981
95
-561
-41811
90
-33177
12602
31615
-5723
6911
-23804
-85002
85
754
-6036
88
-93
6491
99
-201
-630
-16728
-94
91
36887
-754
90
585
6040
-955
-913
103
658
-860
5542
-94804
-33088
-97
-90
-60561
-84
64846
-950
289
-777
835
3949
-89
-473
100
-433
85
-929
490
1752
-8105
-8477
-405
8616
20266
6129
-93
-76491
-100
-93
68165
-80
84
83
81951
-96
501
-1707
-6650
-598
3191
-2487
-2007
2910
70716
-660
9831
-96
90
-91781
-128
-5657
-95873
-88
97
-2614
-628
-3651
-31697
-80
-9504
-97
-499
-80
2869
-1380
-3711
-6447
-5241
504
-9833
-258
758
38117
721
-67355
6516
-387
351
-9541
3545
-95
-837
96242
196
709
5011
-5616
1220
-8550
-86
13803
559
923
-825
96
-270
336
-222
-3194
-5317
-9118
-324
92
-93
-2436
284
512
95
-1182
694
-3824
-2373
3848
-87
-673
451
1953
-990
-80
-830
-93
43399
-6461
-5729
-865
-6658
-678
-99915
649
-93
-100
-100
-100
95
92
-862
-5087
162
4230
-96
251
-99
-68177
86
-492
-96
-1999
-2548
92
4950
188
-337
-565
-82
-785
-274
98792
-185
-20506
-3970
-2588
-88
-658
-8518
-599
13233
-6961
-85688
36636
95009
87
-27686
-86455
-96
21912
434
429
93
-447
-6634
-1600
-86
-239
148
-15061
-380
2537
-85
-67769
777
-10252
-38880
-94
-52365
-20204
-81
87
-622
-96
87
-8357
-82
-90
85095
-3434
-5753
-42366
-63936
58410
-220
-458
-4877
-69054
97
-294
-154
-86
-94
980
-49061
-95
-3347
1662
-2948
-961
-2942
-892
-88505
-346
-18084
950
699
-95
93245
-57636
-1937
86646
943
-8581
71001
-88
662
-97
-268
839
118
66898
-7982
-8905
3555
87291
90796
-2513
-94
97
4496
9844
-82
826
-6218
-184
516
2692
-580
-100
9272
33894
99
98
7038
-754
-4757
-55951
-6535
8538
-9797
-95
-9896
-7195
2756
-94
-12773
286
86
502
-9664
97
-65173
-83
-8514
30070
-29810
982
9821
-997
765
308
260
-5376
-929
-88
-643
93
-7489
-95363
-87
635
-41774
-94
-91
-78677
426
-433
-20775
-3614
85
-87
85
-73769
-361
-68038
-99957
915
-9571
-18765
-7537
-91
2704
95
-90
-60909
-98
859
-4136
88
63494
52197
592
8938
-45426
-924
-81
-91704
-83
464
-6596
-288
-7257
-723
-9650
68228
11086
489
-92
-95
43097
-32329
-73596
5789
451
86
-100
-43491
-3529
-5448
-305
-56400
228
86425
-8955
-137
-88
-2267
-89
-64319
82
-99142
518
-78021
-9971
567
-8841
889
85959
-448
-95
5886
-93564
469
-570
-568
6819
16977
-335
-83
85
-4156
63986
9901
5979
121
15248
-96
-7351
-88842
2239
815
-94
2534
58264
-94
-13012
232
-713
866
-9936
59223
-4990
87610
90
-93
-161
-8101
98
-37630
-100
96
-7949
63591
-9701
7522
-6261
395
-798
526
-86
5234
-98
94
-17743
-1566
6147
-3279
-8585
-797
-90
-99
309
-93
-84185
1003
-395
294
-9528
427
86
-90
-96
6471
-92
96438
178
415
-800
39866
-5929
-793
-84
-73078
3669
624
-385
-99
-1317
-84
8088
-4925
-93
-2474
919
89267
65058
-60643
-91
-40207
-77893
-84
91
-58888
-660
397
-258
-139
39927
-5712
666
-93
-99
-88
96970
586
-40549
-83
-41391
-160
597
92
-548
-91
-91
6544
-400
18975
77011
231
-866
-673
-437
12189
5540
-790
-20997
-39829
-36361
-82
80
-393
6863
-94
-806
698
-573
-45293
-2780
88
7724
-75959
81
-466
-360
86563
163
-9077
-86
355
725
540
-96497
569
75584
-991
3272
80662
-7886
-7823
-8562
-80
-99
-25966
-20015
-74160
-96
974
-94
-86
-709
-91
150
-68174
12432
50388
-98
-83
-133
7304
87
