1721
-621
2676
-242
35821
-342
121
-121
3921
33021
93521
-73300
-6171
43921
-6236
9521
27621
-8721
-66821
4580
-200
721
3040
7568
-14221
3621
2721
47521
6874
8966
74421
-50242
5721
-4684
-2742
8769
-242
9674
-68700
3163
9221
-62721
-521
-7307
4421
321
-81042
4617
2244
-59442
-842
7598
-842
8637
621
4921
921
-76700
3835
7880
8021
25521
8966
3921
5119
6721
4721
5721
5221
-8111
9707
7421
-92700
-8551
3021
8021
55521
37221
-8319
-10300
721
-6921
14421
821
2411
-542
9771
-3421
37021
1021
3923
7421
44821
-80100
-7589
5735
12221
3821
3921
35021
8674
-71500
-84000
71021
-39521
521
3501
76321
-5889
87321
3615
-542
-5121
-442
1321
3643
-35221
8521
5721
2589
-82842
1021
-7240
4521
2976
-721
9821
-821
-242
521
-71421
5676
77721
3605
-6619
221
4621
40321
221
94821
-32721
7521
6451
-721
24221
9253
-621
1922
3921
321
-721
43921
-79942
-642
6176
-3302
5021
5021
4362
2973
-57842
121
-542
-4508
1721
5221
38921
3924
4971
-321
-81421
6745
-6357
-521
421
2921
1321
2721
-85342
121
77021
-200
9665
-30500
-442
8471
5521
-1409
9621
-96600
9021
-5086
92121
48221
68621
-542
5782
4921
1921
-91042
8620
7294
-200
-300
8739
-27000
-52300
-73842
-542
3921
-67300
3521
7699
3856
-62400
-66700
3121
20921
7621
3121
5521
-49721
7821
-19442
3421
-600
-89242
9122
-60300
321
-242
-8921
7821
221
-34942
3521
-33221
1039
921
3269
421
-642
94621
-800
-700
-400
-5717
5447
87021
-16742
4021
-421
521
-36600
25921
3339
421
221
7728
2069
-642
-100
4780
-28900
321
4121
9321
3691
-200
-40500
-1684
521
5617
-942
4879
-621
3021
-942
7121
81321
98221
74421
3521
2494
8276
-100
7575
121
321
-28421
-921
3187
-642
721
8021
-900
4833
-6815
4818
-821
421
6321
66721
5021
521
-721
721
5680
-542
7221
2821
36521
5721
82321
-50700
421
-26242
8813
-8621
5521
-921
4721
521
421
94821
2157
-642
7221
2389
-38700
3621
8250
-66121
-942
-79800
-9945
65021
-442
-9800
3021
-1300
-28821
4821
-621
7021
3381
4123
5408
6721
6621
9964
2821
-9416
821
-35621
-421
-442
-800
45521
33921
4725
121
8845
-4251
621
5176
9921
-121
9199
9117
1221
-100
121
5821
-57521
6421
1945
921
-900
7721
-8442
7121
6680
-62121
721
13921
221
-500
521
1821
-30600
7321
1660
1321
-92421
-51421
2621
-500
8521
7321
-842
2123
4821
8921
-200
2721
8429
-62600
-621
621
82221
51321
4621
4721
-27400
-8142
621
-300
-45942
3582
521
9521
40821
8531
-53642
-8052
5369
9793
-84700
6203
721
-3803
9354
7830
-421
8053
4940
4057
82221
2679
3629
621
2521
-400
34521
9421
8440
5773
3321
-20300
-142
-80421
2324
-642
621
421
9641
5421
7921
7723
6721
-800
521
2338
-200
17921
3321
-42342
-300
3221
6242
6291
-2482
-55021
5121
6421
5221
-8821
7921
9121
1436
-242
5506
921
4721
70021
-60121
7694
121
-46200
-69842
-9628
-11921
3707
-242
6821
-30321
5521
-25342
3321
1021
-81300
-3929
8099
60921
36221
5221
421
421
2521
121
-500
1374
-421
5721
9923
6772
-39842
-76200
921
3157
48421
9721
3121
-35000
-800
9087
5521
521
-500
35421
-9407
1167
93521
24121
-300
2121
-142
50921
-521
421
7105
8186
8021
-200
9821
-121
8340
-51600
-600
-500
-68200
521
-321
5890
7321
7254
1617
-7055
2003
221
4421
7229
5465
57821
-821
421
321
-600
-821
53621
4679
5862
6937
3009
4421
44321
1421
921
1421
6917
-600
44321
-73442
6135
5521
1621
3019
-52100
-742
-821
9894
4521
-42442
25921
-75721
4773
7721
321
221
-86021
5121
-121
-91642
921
2391
6737
1521
9462
74021
4421
2721
8021
-29521
1440
5721
1171
5395
85321
-26942
-700
9321
-88242
8144
7042
9421
-9757
78321
8531
5538
8538
8043
-64000
4921
8932
7102
3721
5521
421
9021
7897
1771
-200
-59600
9021
9130
-242
2835
221
7837
-921
83121
8621
68721
7521
121
8921
-13821
221
6929
3221
8121
-88042
8197
6647
9121
-5696
7475
-942
4325
-921
-321
6621
421
221
5223
5221
-11700
-84521
9036
-400
-34800
4221
-90942
-30542
221
921
-8403
-742
8043
30721
5147
74621
7221
921
7521
1753
2021
2521
30721
24221
-69900
221
8521
-542
-6689
8678
6538
7446
37321
4621
3636
3006
-242
-221
7421
7788
-77821
-80300
8744
-921
-721
-96700
2721
2221
-25800
-12321
-99421
-821
56821
4921
-900
7521
-1318
421
4521
8986
-43242
7121
3621
1564
-76521
8794
-821
4121
-4071
-900
421
7041
58521
6279
92521
-921
-64900
-300
8572
3421
1542
9121
4221
-721
6221
23921
-800
-91800
-4000
-221
1128
37521
8521
99321
2621
2021
73621
44421
7714
-56500
-1098
-100
9102
7496
77221
5102
-3399
4221
-7130
-642
1925
221
3067
321
9577
1321
621
85721
35821
621
-8800
6453
5621
8921
921
54621
6921
3921
-842
2321
30021
-500
-700
9380
8221
-342
7844
1468
-4979
5047
41721
-47200
-15400
3053
7721
921
4121
-621
-86400
4321
-64121
6421
6721
5254
-9110
-142
-32600
8813
1021
421
6495
72121
1305
-3600
2821
35421
17821
1401
-9546
2393
-8575
9421
1221
1121
-421
95121
5021
-900
321
2784
-442
6788
-75942
3221
-921
3021
521
-8982
6743
-36721
-921
1121
4242
-600
7903
7218
5811
-600
-700
7621
6424
-57042
621
921
8345
4421
121
1067
721
-700
9906
39821
7184
-221
5123
8564
9465
-7717
36621
4191
221
-500
921
2048
2452
921
27721
-8240
-8421
2131
8421
-721
921
7270
8321
-121
-100
72521
321
321
3230
-25742
5502
-2642
8632
1167
-73900
-242
-100
2421
9892
921
6067
80721
9412
-300
6621
5893
9521
5234
921
1221
-642
90021
-72600
2832
3821
27921
7358
921
-10842
7921
-600
4621
2891
421
221
6821
-821
-542
6421
5021
-321
-5800
-85900
4255
5922
5721
921
-46100
6321
6921
9821
9321
1416
321
-621
9771
9144
1678
-52800
1026
-51142
121
9578
221
8521
221
-42642
7421
-821
-121
-16842
-421
8267
-14342
3721
16921
3921
31221
7207
1521
4445
-12500
-12321
14121
1221
-37542
-600
9338
54821
-8813
-4111
5517
-821
621
-700
3921
7821
83821
67921
4221
-921
321
-921
-442
5152
3521
-70900
-121
-642
421
-21800
7321
8621
20721
821
-97721
91121
7750
5578
5321
2623
-400
721
6659
53821
7145
-942
-342
121
7972
4068
6631
2025
821
33521
-53742
9177
-121
1621
3875
6821
-61742
921
6121
821
7921
-11021
-742
-4266
-142
-73221
45721
5421
3480
78421
9287
5621
-81900
-22921
9221
521
7394
-621
-742
5721
5221
31621
721
-50242
6962
73921
3121
-50500
1121
6221
-500
-242
8921
22821
-321
-542
-621
421
-32621
8321
-81142
2421
2021
6691
-221
2718
-77121
-4458
7535
-400
9797
2982
8021
2558
6921
6709
2421
-621
43821
1072
-942
721
4021
-2500
821
2883
-700
-1869
421
-942
821
-3775
45121
-5551
9821
1121
8221
-400
31021
-5924
1903
-17242
44621
6276
-36700
1203
8421
41921
-51042
-142
-2991
821
921
8586
321
9321
8422
4321
521
5521
68021
721
7933
8192
9857
6563
4750
-5442
5121
-3700
49921
41721
-91621
321
7621
321
-92842
9447
5521
-4981
4244
4469
1991
-800
50821
-442
3521
321
1021
18521
2021
721
67421
9821
-28521
6403
3321
3906
8921
-1400
-29342
4343
521
7312
-542
3421
7521
-5077
6021
6930
-44700
-121
9021
9139
-1863
3050
78621
-25321
-800
2921
2821
821
-3647
9790
-742
-400
221
821
-63442
-242
-44242
1211
1821
4321
-61521
-300
-821
-442
-59400
5321
7893
9974
221
521
-700
9473
-59521
-64621
8121
-1698
1621
5691
-27142
5766
3221
221
3521
-1821
8393
821
3221
84121
5117
6925
-100
-400
821
6221
-900
3824
82821
70521
7384
-242
6410
721
-6205
-400
-99221
-67300
-142
8621
3021
6012
-48721
3821
36321
4556
6661
6321
30921
-500
-100
-242
721
5732
821
-100
5572
4521
6621
-700
-64521
-1576
3086
8921
-6629
-1726
1221
-92942
-442
8321
-600
-200
6221
-3025
-100
-800
1421
65121
721
221
7344
2021
1021
3895
1408
-74342
-900
7405
2420
-500
-1842
8221
-42721
-71400
9621
1021
-38821
4421
-26200
-121
1986
-76900
7609
8024
-8249
8032
-72200
2078
5521
-621
-74342
2221
-621
8524
-321
14821
2821
-121
-53000
4421
6521
-37542
9131
-27200
9936
3821
-321
121
-642
221
-200
-47421
-77042
3596
10521
29121
-7921
221
-3621
-2866
-87442
-97921
19521
-900
-91821
1721
821
-63842
-742
821
321
-86421
-95300
3795
-842
-9231
61321
-721
7121
51521
24121
6021
3639
2021
321
6387
-700
1821
61021
9104
5921
6182
1921
2304
6341
-16042
80821
1829
-1158
8822
-97742
6921
3728
-12121
-38842
5121
121
-93621
9686
8321
-721
7434
-15942
1753
4292
8308
-58142
-19521
-242
-56621
5721
51821
721
80021
8921
-700
4021
-24142
6421
8721
6661
-8456
-5008
8521
98021
-11921
8775
-8883
9021
6621
521
7521
-81400
-97142
9150
-342
-26300
94721
-642
-300
-621
-921
-5442
9714
1145
4136
-221
3621
-10621
-51821
82821
-621
1939
-12521
5955
-8560
-600
-621
98421
321
1515
-59921
4721
94621
-642
1721
-89442
-800
8121
-542
-5548
521
3885
921
-91500
621
5321
221
47321
4084
-621
521
5321
7063
-700
421
-642
-4783
7321
2792
3194
2636
921
14721
-79100
6121
-442
2694
7821
8436
9721
621
90721
-8421
-721
4421
-2996
-242
-97621
86421
5901
3021
-87142
-65542
7794
32921
9335
86221
2484
-521
-92600
-24842
41621
721
9821
-3193
5121
-8962
-142
-5109
2321
-50721
2721
79221
121
3961
521
-800
7921
8902
-6400
-5021
721
8641
-2100
-221
1336
61921
9998
-300
-20900
-621
14521
2223
121
3031
-9408
821
-32521
-21942
47121
721
9921
-21221
1375
621
-200
-1252
521
-84421
721
8067
-86121
2121
-721
4321
2142
-16642
3226
5762
4521
-121
-600
1121
-98800
-721
30821
48321
7421
1221
-3921
3621
1945
1541
8911
1356
-1421
-700
4075
-121
321
9521
8127
55921
-64600
-9921
4444
3647
-57600
62221
7321
-3256
7063
-921
-15721
1308
37221
721
8421
7063
7106
-642
221
-53421
-71000
-98742
-442
-142
9695
-421
7921
2821
35721
-3449
-8017
-30221
4121
3914
8821
59921
-73821
93921
-800
-521
9248
6661
-93521
4321
7030
-842
-500
7221
5421
721
-900
-3200
19021
221
-91200
1706
121
-29921
-7400
-86421
6551
-4600
9221
-38321
-76700
2321
6315
-59021
-46742
6834
2221
90421
5377
3305
921
3408
8821
-25121
521
7521
7821
-21600
6114
3821
2635
7173
-88942
-800
2461
-77442
6821
-400
-65842
6232
6215
14621
-500
3749
-200
-942
-600
321
22121
-321
-800
4021
-442
4895
7621
-46921
-85700
-43742
121
6221
1621
-3257
921
4448
-542
-58500
2414
52821
2820
-300
2414
6195
221
-121
621
5721
-5837
4021
-721
3717
-900
-400
-9811
3321
-100
2609
1480
-25621
9563
-38200
8803
6001
-61821
721
7721
1703
-51421
-15900
-35300
-55821
6510
7800
1108
2413
5821
53221
321
-93021
821
7604
-53121
-921
7153
5921
2521
6221
48821
-721
7221
5722
9863
7001
-600
-121
-20442
-5864
221
8162
-1045
6000
-4748
-24442
-942
1929
3741
-200
7835
2321
-56421
9027
8009
4821
2756
1021
9321
-23742
421
88321
521
921
-5903
4321
-87100
1521
1837
-821
3621
921
1734
9021
-400
-71842
5984
-32121
1621
1941
-55942
121
-400
6321
321
13921
-81921
16721
821
3438
-6242
421
2521
-36242
3777
9258
5234
1637
-57500
8829
9821
-900
-221
56721
-800
3521
-121
-400
3908
621
5221
721
-37121
2821
-90300
6004
69821
-73021
89521
-7229
4821
-300
-142
-43242
5921
921
-78500
4921
4245
1620
7282
5093
9421
-442
9013
2821
8321
-6361
9821
7821
121
121
-8621
9880
221
-2038
9321
8121
-85721
8738
6041
7121
8221
9921
-21521
43521
1290
-27242
-500
-54400
2089
5321
-121
3721
-842
421
92121
6821
7624
-300
6487
4185
-921
27321
3024
721
5021
9421
5929
-98721
3721
-67700
2855
-71221
8021
6392
121
-900
7705
4599
3521
9917
8921
2121
6621
9895
-1887
2821
4070
-91642
6392
7721
2121
62121
721
321
-44100
49221
521
-400
8456
-45242
4838
4730
-542
-74600
7321
-83721
1521
-96121
-49721
-23542
3421
34221
9821
3662
2421
-59442
58821
-421
1204
-74800
4661
221
6121
9291
-500
421
6375
-1841
39521
-842
2938
-542
8121
8073
4648
3421
-921
-121
54521
-62121
7221
9066
23721
3947
-59100
921
-3046
-700
9462
-442
6121
-95442
27621
-142
-82621
9221
8021
421
57321
121
8621
-100
-38000
4208
2421
-921
6056
221
2121
6621
3512
5859
-74542
221
521
721
9028
-38000
521
-81542
-83321
4021
421
4121
3221
46121
7721
-43321
82121
87221
-300
2389
9521
-321
6988
-200
-742
-521
5821
8121
7721
7900
3221
10021
421
-800
-600
221
121
721
4021
38421
-68821
17021
7108
-8136
89621
4521
2721
9218
4821
-700
6034
-621
8121
2821
5237
-68700
-821
-38542
66321
77721
-842
3167
9821
521
-49300
-200
-400
-421
5873
79021
3534
1121
1721
1380
-33442
-62821
24921
4321
321
921
921
321
5921
5921
-9255
7521
7281
7283
46221
-82542
7751
-900
3686
-100
-842
-22000
-6362
6194
-7770
93121
-4347
721
63021
2990
4537
9521
74321
5017
-9844
-621
-7400
4227
70821
8321
-12342
-142
321
1340
521
45821
4321
-91742
6729
7377
-121
-30021
-300
6299
-121
-1965
23921
-342
-821
-221
9721
-51021
2888
-742
-37200
9321
3121
-200
3121
-29142
-600
-13800
-90800
5021
821
-942
-59600
10221
5330
4231
5748
6221
221
24621
53421
721
4214
7921
-82142
-70400
-9604
-1248
6121
7865
6121
7185
-800
4421
-25142
-842
-77642
-121
4021
-500
-6476
721
8488
921
221
1921
-942
1621
-521
-921
921
-5167
-4649
521
9929
521
821
1362
7421
4643
-28000
2921
51321
-22542
5782
-72242
-442
6721
321
5155
-11221
9621
99621
7221
-900
1355
-321
-70000
821
18521
93821
-9392
4878
-5367
8871
-30821
4903
2754
2085
321
6421
8977
8721
5621
521
2207
9021
821
2443
88521
-59742
4421
221
2221
5705
-15621
-221
2599
71921
8176
521
7221
5921
-8021
4621
8421
-7463
-800
5347
9222
-442
-20600
9275
23721
44321
90621
-742
-85842
721
5421
16821
-30542
3375
6503
6521
3621
221
1653
9321
-6017
-842
7921
7521
32121
6599
-700
-41421
-321
8621
3143
3625
5058
5431
84221
2628
2421
1153
40721
821
4238
9965
-11100
12421
821
8541
-2103
-95400
-74642
2667
8721
-73142
3088
3426
2621
6521
-87100
4421
7393
2958
321
7921
321
4177
-24621
-142
2021
-142
-9456
821
43321
621
32121
9921
121
46121
4021
1008
-9523
2321
82121
-40521
-700
-47200
221
4121
6188
9846
6521
7243
4221
-17200
-3608
6121
521
52921
2333
6651
8921
-58000
-63300
9280
12021
-6230
721
2721
121
-84842
8237
4662
-32800
5921
2318
-54542
-742
2621
1021
1915
3721
9542
-67100
58021
-73500
9542
8462
5121
-800
17621
8220
3963
2621
-442
4521
3308
7858
-64642
1634
-82842
3921
-94500
721
721
121
89321
-9746
-521
-9246
-43121
-200
67521
4016
-7821
33021
121
9921
3521
34121
-2590
28221
921
5959
-121
2714
5223
7121
7721
8321
91321
7331
-5500
6151
-56642
3827
46421
321
-28900
221
8321
-72121
521
-842
75721
2741
-98742
-77921
321
2912
-70621
421
-242
6721
-942
821
8678
721
-70642
6363
2021
3513
2821
-7500
-142
-85142
8821
7021
50521
-5813
6521
-621
-9902
-5173
5321
621
4821
-99921
7721
2504
9920
-64721
3445
821
-89400
5770
121
2154
3121
8421
28121
8951
77921
2021
-8911
6868
-742
-9752
16721
321
8899
-521
8521
3021
1421
7621
-5516
-100
8685
-421
-40800
6521
2196
-83942
4292
4159
66621
-521
1221
1921
4353
-68742
7380
-242
2572
5266
-50821
-3870
-11042
7449
8044
-23242
121
5621
9178
6012
6021
1521
821
-55800
7114
421
-921
7721
8796
72521
6911
4021
8793
3923
8221
3021
1321
-700
5721
121
521
1421
8782
24121
-921
421
8321
9221
3821
921
59821
621
8612
-221
2805
7521
7282
-97821
2821
98921
-121
6267
6121
7621
-43242
421
321
4321
7121
8412
9521
-6734
-20942
-6347
58621
6229
4168
92521
1444
-62100
9006
3521
3021
-9625
421
3356
95921
-8456
9682
11021
47821
45421
721
-700
7321
-900
-221
821
-400
-5193
-600
7621
56121
-921
41821
-14200
-421
-57121
4521
8350
16521
-27500
5220
6448
-52742
-942
5165
-900
5521
121
8721
5233
4921
7764
321
-40900
28421
2734
-44721
6176
7221
61821
7021
-23321
18821
2921
-542
4482
3238
2921
521
4621
8114
1520
2516
1921
9321
5121
-69221
6621
-121
5679
4621
9121
8821
-521
3921
5621
721
-92100
9321
2121
721
-88000
721
921
8192
95621
-85400
-900
321
21121
6221
-642
621
-6822
8428
-60900
-18921
8921
-81321
121
-300
321
521
6910
8200
5321
62421
2470
6350
-242
2121
29821
4634
-400
4221
90421
59421
7869
-442
-821
821
-85100
5513
6521
-242
7771
821
121
8721
2321
1872
-88042
3274
9521
8506
-83921
9961
3980
-600
9321
7421
-5921
83421
3321
1921
-1046
5121
4190
7921
77221
-39100
-64400
3457
1921
-342
2184
8421
321
33921
921
9121
4564
56021
8251
5921
2977
-99800
74621
-33742
621
621
6521
521
-7406
3667
1154
9267
2276
621
7249
-321
-1392
-200
9421
-742
-40621
2121
7621
-70521
9634
1081
6198
7716
3165
121
-642
8021
2921
6021
52121
4721
4621
421
1328
6988
-2454
621
-4516
521
4121
6621
3586
8508
-2028
-62421
2161
-721
721
-421
3021
221
2821
-7093
421
-942
7521
221
7221
-842
8310
921
821
321
8847
43221
4521
5821
921
621
-321
3255
38121
4246
3998
-95121
-18521
821
421
-70242
-121
2049
4921
721
8021
-35842
-92242
8121
15721
80121
8791
521
-44921
-742
9321
621
17221
9608
4844
4421
321
91921
-742
93921
64621
55121
-7158
5834
-100
5236
6748
-6428
-642
9221
1939
3401
2670
7500
7821
-58442
14121
9821
-9921
2703
3519
9137
3645
-5772
-19742
-442
4021
4568
1514
6314
1121
6521
8130
-242
9621
7625
9421
4526
321
9021
12221
7421
66721
-12521
9390
76321
8298
-91642
221
5574
9921
-621
4988
3187
9121
7959
8240
98021
4021
-40742
-742
4921
7265
-6100
7221
96721
-65442
-7708
7755
-142
9398
28921
1221
2221
9621
64921
721
3672
921
3127
-24700
5808
9721
52421
7321
5621
-4906
5921
1000
93721
-55142
821
1921
5470
-79121
-26100
5122
-1300
7821
-92342
1821
6021
521
-421
-600
6980
9921
82021
3621
921
9321
8821
7921
9221
-16000
121
4076
-43521
121
61021
-700
-3061
75021
-23721
4040
-31700
-221
-100
9821
-60742
3878
4276
3089
621
321
4121
-642
8560
-142
-5550
-52542
-500
-621
-59200
7782
4021
-9732
-25600
221
-642
10121
521
-942
-85542
8021
-25342
-421
97921
6191
1528
-2014
1191
-21600
921
8421
33621
-6742
4921
-821
4521
-53842
9921
-48521
-342
9121
-342
64721
9288
321
7520
4921
-27421
69721
53221
-29842
-78942
1921
6521
7398
8321
521
1768
-742
4021
-5205
59221
6821
-721
-642
-1211
821
-642
9021
9930
50921
-200
8507
3877
-3948
-500
5821
-442
-45142
9323
32121
7321
921
-87700
-81521
13521
9321
85221
32021
4021
4833
621
8782
93821
7221
-100
2076
-85642
9521
-23300
-11721
8021
66821
4421
-38900
-46942
8866
8204
221
821
6421
69221
721
-600
-4209
9521
9434
9721
2421
6087
6457
-95742
921
34321
3594
3465
5021
-13942
-10921
2826
-62700
-742
-60200
-41200
2566
-4300
-742
2921
7121
-900
6285
-321
-12342
-98421
321
5536
921
-942
15821
-321
9705
-400
2388
2078
5821
8363
5984
-37300
-46242
9529
2021
4941
89321
-62600
-521
8621
8743
-9833
-400
9119
-321
-85700
5004
-621
-28021
3545
3771
9321
-48242
58921
6221
-2790
-2927
-542
8921
8121
62521
3921
33621
-9440
6121
6408
4121
-70342
6873
1470
221
-3721
-68100
7321
-621
121
-821
-6109
6921
621
-82342
-55942
-9517
-9744
821
-1112
20021
-921
621
9521
6206
-721
8302
4336
6816
6046
3143
1086
-67900
-921
5021
-242
2021
-142
-442
-800
-8909
2321
6502
5720
6703
5628
-93100
5580
-67242
-821
2455
37221
121
-621
2660
2621
-842
-921
5321
-4543
7921
-500
3121
4521
52021
7407
-60621
-90000
6021
-642
8089
1004
4514
-72242
4441
-19200
-142
2221
4406
3542
5821
-98842
9531
3444
1052
7701
-300
7658
9621
5321
7121
821
3621
-8342
8895
-100
-842
-8691
4539
8567
2221
66321
-100
22521
7134
-69921
7138
40921
-14000
76021
7720
921
-2506
7454
2621
921
-8842
4921
5145
4081
-41100
2403
121
-921
-800
1121
9353
25121
9421
-942
4780
1305
6523
7504
9946
29321
7273
12021
8928
9920
-34442
821
-642
-642
4121
2621
821
621
1996
7021
-2436
80521
421
32521
-4543
-821
-821
9321
721
5058
2831
7677
1138
-242
-85900
-92942
74921
1621
-400
-900
-200
-100
9921
3793
-500
9521
-100
-442
69621
6669
721
17021
521
59621
-842
3373
8842
821
3837
30521
7221
8021
-81021
-221
-72200
6021
621
9221
-3990
-69842
421
5021
4521
5894
6955
59021
5421
421
99521
-700
-81742
-3900
2521
1221
-900
7951
39721
-56842
2721
92021
421
-90921
6741
9388
9921
4621
4542
8821
3379
-100
-542
-542
-521
7919
1221
51821
5123
-400
321
-300
921
4691
4771
-721
-700
-1621
-942
8145
5384
6521
-6581
9248
8787
3078
88221
-32121
-7314
-74000
-97942
-700
8421
-800
7296
-921
6821
721
-142
521
921
221
1750
7424
1148
8081
4921
6421
6221
6121
5921
-721
2221
7121
7948
421
921
-21700
-600
-74700
-700
421
5121
4112
-8221
121
6221
42021
2221
84121
67521
4621
-83200
6070
121
-142
9704
-600
921
2721
-942
-742
-81142
421
-96642
9985
7090
121
1233
-9667
-56500
6516
121
6602
2623
7815
-221
-621
-2097
-200
321
8021
-1720
421
54321
1327
4421
2175
-10921
-142
-1021
621
3521
82221
-18542
-321
-61542
121
121
921
-6908
-842
5939
6521
6521
7421
20921
-3694
9360
-17821
-66542
-400
58621
5321
-70221
-321
-842
5521
5121
-25000
-4824
4105
4721
-47442
821
9858
2521
-600
8259
-400
-842
9867
46221
-400
-700
-51500
621
7247
-40900
6821
-800
22421
72221
-7942
-7869
21621
1921
7721
66721
4298
-9609
9721
-321
78321
-28821
721
5308
521
4721
521
-200
-89521
921
8073
9530
75321
-8022
121
-100
-742
3821
-5447
-16242
2721
34921
-500
8631
-8742
-9480
-3209
-242
-56821
7321
-821
-700
8602
3835
221
821
83221
-8373
-442
4521
7121
5021
6119
-6318
42821
8224
921
-542
6443
-700
421
-68321
8373
-5476
4646
-2100
-942
3348
421
3482
24721
-842
86621
1921
5218
321
-98300
-500
8021
2321
3183
-59700
421
6312
-900
3521
5021
-77921
26821
46321
-542
-421
95721
-321
-821
5421
-64642
7021
2821
9567
7772
9560
-34300
-86442
-242
5002
521
5894
1821
24421
9815
3150
821
4421
9892
6691
-70421
1145
7226
2323
-9031
4427
2621
-76121
-142
-3368
-821
5321
7770
-7575
-33521
34221
5486
-6965
9621
1121
2848
-37700
-200
-142
4121
7358
-94721
12621
6935
-900
2986
-29042
-55942
8277
2661
621
9021
-742
6421
4221
1621
23221
-79300
-96942
8021
-521
721
-62742
2081
1923
1409
8221
3221
-41442
1721
-62321
4921
221
4936
1321
9121
821
621
-3221
63321
-1044
29521
521
8395
1298
-74821
-800
821
921
-47800
4818
4321
6276
2921
-600
-9642
-200
9621
221
-9900
121
8221
-300
-98221
-18242
421
6618
-7315
-921
5599
321
2562
61421
-71942
5747
3437
3321
8053
5964
5070
6012
5676
97121
2621
6766
9721
821
-121
7334
1200
39221
1321
-2642
4821
521
85021
-321
3821
2179
5821
9221
-321
-342
121
3506
2021
8482
9621
-55021
3421
46821
9221
5121
2821
1121
3554
7133
221
44721
2221
-5933
-942
5721
3521
7890
7921
78021
-342
-11142
1621
3421
5610
-44442
1320
4204
7875
-40721
-800
6021
2585
94121
121
-5702
6621
5321
6276
-18142
-842
6077
8121
-22100
-4015
68421
7563
5321
30521
9421
9483
-68800
2221
-6925
321
521
-700
1212
-542
2921
9121
35421
-53721
821
-300
-2423
521
-242
-14742
5771
3933
4321
2468
921
2521
-221
1889
33721
5721
-3782
7898
-10900
9573
1621
-69800
3021
721
-921
2521
7954
8721
421
8721
3517
8421
121
81821
8721
-13200
-63342
121
121
121
1021
5721
7421
-700
821
87821
7621
8621
-37800
1288
9721
5744
-28242
5121
8421
-47542
-142
5664
9422
921
5030
-400
521
8221
521
7421
17921
821
921
-17342
2621
-46521
9458
821
3290
9421
2489
-242
-1725
4121
9021
-97742
-27321
-2864
-58521
2621
-700
6751
96921
6821
2821
-50800
3065
-5074
621
8621
-71621
121
6671
2321
86721
421
-300
9033
-342
28421
121
2521
7050
5965
9939
7143
-300
6321
-442
-142
42721
74821
77121
6321
-242
-52000
-742
7373
-13100
421
8921
5821
3990
-821
9132
4521
22021
1974
-821
-300
-2721
8521
-6518
32221
4721
4421
7121
721
-821
-88342
-88100
-8421
-542
8321
8121
821
6021
2521
2432
-58542
-100
-842
6421
-521
421
2724
9804
33921
-142
3121
-242
4903
9421
2409
65421
921
7421
6341
-68542
-94421
-642
221
-88400
10621
321
2721
9621
7853
5087
3421
2521
7473
-942
-39821
721
6921
5857
1080
8672
7221
68921
-38442
3921
9701
85521
-221
-96600
-9342
4505
-2841
521
-1642
4321
-200
3221
3921
5521
18821
3451
9921
-700
-52642
-81721
8519
3977
4421
6521
6101
-542
2087
1822
60521
7321
-5093
121
121
-642
6121
-2321
2729
7521
7088
45721
-700
-442
-69600
-321
14021
65221
3033
1921
9908
5821
-29921
4672
4824
-300
-800
8350
69221
1021
4221
5026
5221
-4431
4352
8721
2244
3251
29921
-421
4521
-3168
521
121
2421
-821
8132
90821
4885
-8144
8788
66021
-2640
621
-200
9921
3821
3721
2016
821
12121
2221
2436
821
2994
84921
-221
-542
121
9421
42121
96621
7091
-1610
7321
-99000
5053
-8550
-7599
-942
7641
7004
6121
8321
321
-26842
-4421
2021
5921
821
8821
-921
-221
-221
-3506
6891
-8715
521
-70542
9729
7531
7813
-3829
-121
4105
3263
6943
9821
521
-64900
-92621
8607
-69842
721
221
721
6768
55121
9135
8721
-221
1621
-721
1321
6512
-100
9221
3726
-17100
6991
3026
8221
1421
3421
-76400
9821
-6940
-821
221
4421
-6729
5233
70621
6119
-27100
-421
-34600
2443
5997
3003
-300
8358
8121
521
8972
-400
-9131
6521
-700
-23500
521
3321
5521
69421
-700
7921
-921
2621
5621
1621
321
2421
521
-4877
-642
4621
9521
2521
2921
-91321
58321
4760
38921
9140
9321
4221
4236
2103
2554
-600
721
4821
5821
321
-700
-8949
-521
-11042
8321
8306
821
72321
4318
5921
4321
-55942
5649
2821
-89421
3933
4089
2862
7121
7021
7622
7321
121
4721
2959
9821
-49142
-800
8821
1621
121
-342
7921
5414
6921
-64000
-29142
2234
-521
-94600
2221
3362
-7570
1533
2576
3221
6621
4240
-421
-321
8728
13121
6196
-70421
2650
4116
-400
-2708
-36800
3250
66521
-600
3057
90721
7662
7421
7231
621
7648
7760
70521
6277
2621
7152
31821
-221
-421
7391
2121
88521
721
5101
3921
2862
-400
2474
5921
521
-34700
-142
9841
5536
3221
8617
9821
-3497
2460
4876
1486
1721
3184
-94942
621
23121
221
18321
-4530
77921
75121
-4742
1821
-66421
-900
5987
-421
7971
-69321
-142
9627
8668
6252
-7672
-42421
6421
321
9207
-89721
-900
-921
-9527
-442
1687
1121
9621
7962
-1579
-95000
-921
-27021
-47421
2921
6721
2620
9921
5143
-42521
421
-14821
1931
8645
6728
121
5521
721
-700
7021
9221
-80021
-6400
1621
6433
-700
1321
221
221
-66721
221
-92100
9921
321
-942
-742
8
5321
-421
3921
19721
3857
12221
-99000
8121
8721
821
7268
-221
8373
-26121
6721
-90800
88021
-97142
-621
721
-16100
51121
-500
-300
-5669
47721
-52742
-500
-942
81821
6921
-45921
2421
3221
9931
5016
4821
521
4680
5683
6221
621
1913
4021
32821
8716
-75442
4070
3621
4404
1521
7990
-64100
21621
5321
821
-842
7091
721
721
2518
121
221
121
9716
5626
-58400
-9961
-56200
-2378
7001
-121
4332
22421
8169
76821
-61942
621
-700
-121
55521
-821
6534
5521
-200
-87321
-46821
921
5479
-621
2429
-842
3721
43421
7821
-2433
-742
8386
921
9621
2521
-32042
721
9921
7940
3734
83921
5377
3921
7321
-500
121
7968
-3419
-85500
1021
-200
8334
34021
-300
2121
7322
-47421
38421
4133
321
-900
5856
-900
8184
-121
8021
-55521
821
7065
-621
3361
-96142
-86142
7779
-321
-7800
2111
1192
-4456
4621
2421
6721
9421
-9364
521
68721
-10600
1521
-91342
5521
5241
5019
4051
5673
321
-55821
-642
-37900
73321
-342
1674
39621
-821
1455
6903
-1106
521
21121
3835
4617
8021
4841
1439
90721
321
-22742
-500
-6921
-1757
2821
7544
8721
-200
71921
1289
3021
-29321
4349
7221
87221
-59542
9221
8021
621
-800
-13200
9283
4821
3124
421
4921
19821
-1608
-321
8021
-342
6921
4452
8521
1178
3203
50421
-400
-8451
-742
-321
-42142
4242
61721
1121
5721
-300
2277
9455
721
7140
2221
-3221
6127
8721
4803
34621
821
-800
84721
2838
421
3821
-63742
1685
721
-421
921
4258
-700
4391
-421
6921
7121
8889
9221
2480
8421
4321
58021
-400
71021
8961
-71321
5483
-121
-342
2421
-842
58421
121
-38900
4921
8011
-73042
-32521
4421
-321
36621
66221
421
-63121
26621
3163
7441
4939
7321
5921
-54121
-15921
-96600
2892
52821
-242
-400
23721
7821
54521
4783
5809
9121
6121
-86021
-921
3651
8721
-93942
9209
-242
3388
2819
6621
68321
8021
82621
-22721
8319
39421
521
3801
86021
8421
1972
221
-7957
-77500
3095
3221
-4868
-842
8921
-942
53421
7096
8428
3721
4612
4553
221
821
1471
721
6321
-6122
-3874
-8047
2821
33221
9621
-742
7400
-642
8121
521
6721
6768
31121
121
97621
-83700
5921
4143
321
2749
-95621
46521
9021
2491
8921
-900
5221
3021
3521
24521
-621
4321
8321
-87242
4052
6062
5388
-242
96621
-5321
2721
8121
1421
2021
-94542
21921
17821
4983
-87100
8115
3274
9121
3121
-542
-200
63621
-14121
8921
221
-321
-75921
221
-29321
36221
-300
7921
6221
2838
52121
6615
2830
1519
6121
-400
4721
3821
8684
9121
9862
3609
-5304
7321
-221
3421
9464
5908
-500
20921
7521
-17021
-442
-921
5321
1501
-59321
8521
-15042
-99621
-69921
5221
21221
3276
48221
6683
7743
-33442
6521
6033
-59742
3221
-90100
-621
5685
-1325
621
621
821
65521
8321
41821
9129
72021
9973
2421
-4311
5814
-421
71121
821
6021
6321
7968
3269
6021
-721
8291
6365
-67900
9455
5821
1598
6015
7021
7421
61621
-621
2521
-3000
821
8206
421
3120
-300
87421
621
-800
-921
5290
9966
-57000
-5698
6721
-86442
26921
8372
-942
421
50521
7222
-821
5521
-4822
6221
69121
6021
1517
5212
-942
-18942
-400
-20521
9663
-25600
-721
25421
4521
-621
-57742
37921
8221
-821
6921
4667
7615
-61500
5521
-600
8324
6235
2521
621
-542
2274
20821
9521
121
-72842
-242
2021
6717
8721
-75042
3421
3750
-421
4552
7921
-2402
4933
421
-90621
4463
8821
421
721
-642
7181
321
-121
-100
-9486
-900
4221
-900
3621
-50721
-5093
4928
3421
4600
-13842
2421
-85721
3721
8821
-8182
-221
421
-2656
5821
5121
9921
-721
6154
9421
-542
621
18221
5626
821
421
-7108
-142
86321
8204
8821
5321
3621
121
-121
2621
721
8821
90921
1321
6821
5667
3841
-142
66421
-76521
9986
2421
-6004
18521
-63942
6521
5978
7317
3344
8199
621
6721
121
121
9200
8409
421
56121
1986
7021
5454
-142
8721
-55121
2222
2721
321
-14242
-2932
-85121
16621
1621
76221
-52442
-75621
-6921
-76842
2947
6328
-53342
6621
5421
321
7259
-49542
-400
94221
-142
8451
8121
-9071
521
9290
6884
3721
8665
5726
6121
77021
26421
2021
4691
2968
-121
7821
-20700
5233
58821
-2782
4690
6621
26421
98521
3621
421
3031
821
3421
521
72721
8821
7421
-800
1721
521
8969
65821
-78021
7999
50621
1249
321
1801
4128
-41500
5285
-57621
-521
3600
-600
7421
5321
33721
7651
4794
9544
-2932
-1221
3340
1681
16321
13421
38521
8956
8138
5576
6821
46221
-600
-342
-500
1129
2621
721
-15400
39721
-600
-32300
-98721
-242
75621
5672
9371
9837
8342
4829
-21742
9576
-142
921
-7831
6582
8188
27921
8421
821
8770
-500
7035
621
7921
8936
6973
5070
9921
4122
9516
8664
-36242
2588
2221
7721
8921
9094
9964
2021
921
-142
-89321
6652
2232
-27842
521
8110
-34321
94721
1441
-900
7421
9870
-39042
-98342
7042
-4707
-17442
8921
1421
8876
-26442
-78642
621
-900
-65800
-321
-421
60521
8921
2194
-542
9611
6821
-721
-700
-542
-19821
-6592
-19121
-90821
6821
7366
6000
5521
821
-2742
-84221
221
48521
9302
-921
-40842
-521
6421
4421
121
9021
-142
9721
1096
3321
-242
621
4583
1580
6976
-142
65821
8637
5947
5027
921
4752
5613
121
-6150
1955
72021
66221
2921
-20342
9956
9835
35521
53821
35321
1815
-36900
9380
821
1421
2385
9521
2632
621
-242
-7342
-842
52021
-5747
-85600
7021
7631
2921
3421
721
4521
221
42521
921
1255
4321
6840
1056
-34400
3369
-321
-89800
3321
2670
-642
-3709
8016
621
-15900
-142
-8753
-300
6159
26821
3669
721
1521
-742
-1436
-26121
5521
6604
-6838
-53442
5421
-342
-221
9469
-42200
1321
-542
1248
-642
4221
521
8450
8221
-9797
821
-3821
2621
2515
4302
-542
5121
-5864
6721
-95200
-300
-51442
3492
9607
4421
2795
2581
-6830
-642
8121
-26321
-37342
-421
3966
821
5347
9221
55921
83321
1843
1591
-74142
3599
-6503
6521
-742
721
8146
-79500
-56500
-20121
-1839
-97921
8221
-721
-6298
3921
-54242
5721
-521
8221
-321
721
921
-442
-542
-100
-4787
7621
1986
-600
-97500
6631
7121
3521
6721
1121
7280
22421
421
-942
-2058
-46542
8821
3068
7780
79721
16021
3651
6648
5521
7321
1911
-321
-39600
-48000
-96742
6965
82221
4626
8197
-321
3011
-200
1035
8821
1921
-542
-142
8821
8115
9259
-5989
1321
6421
2321
8521
4921
321
521
-942
-7496
-8051
-28642
-60821
6821
43721
-321
821
3844
8921
-221
-600
3591
3660
3076
-98200
521
121
-600
9421
3399
-63621
-72521
4161
3294
-942
3622
3021
8721
8797
52621
-3690
-6813
2476
121
9465
5421
-72542
-86421
5786
8974
-24042
921
7593
-600
5641
3921
60221
7121
4495
6421
59221
3354
2521
25221
7521
-542
-542
-45221
7221
7091
-142
4421
2739
-842
54421
2779
521
17221
26621
-300
-6934
2274
-37721
2621
2646
-121
5944
87321
4821
-7277
821
421
3521
9427
221
3421
5121
7875
-3821
-73442
-67200
49121
8821
-6285
-1900
7988
-8956
8921
9921
-44242
1321
-2721
2621
8221
-121
1697
-1441
4779
4521
8321
221
1321
-70821
821
-600
9787
4228
1321
-60021
-4923
8121
7929
1702
6221
-642
521
5158
-242
7930
59521
4454
48221
-221
5784
-3969
8121
-59121
-30400
44021
4721
2421
-621
-9042
5080
-221
321
7921
6421
59821
2821
-93442
321
11121
-12542
-521
7587
-3133
6535
7805
821
3275
-7788
81321
-18000
21721
5121
36121
-59721
7928
-821
-442
3121
24621
45821
-200
2983
9621
-800
321
-1996
-10542
82621
-521
9821
821
1944
-48142
8721
-4785
4510
36821
-542
9321
4321
-48442
-93742
15021
2612
-400
7040
-56221
821
2813
-321
-44500
-34121
-9101
7216
8486
4221
91521
7321
3021
-900
-7904
-842
58721
8152
-81121
62121
721
3511
-78621
9469
-63921
47421
71921
6821
16221
2205
1749
-600
4898
-421
321
821
5221
52321
48521
6952
9421
2621
77421
8521
76021
-221
5721
1272
6737
-200
7221
78321
87621
5342
321
7821
7021
-100
5192
8321
62721
221
9121
-6613
-421
-81242
-35742
-1421
-421
-621
1921
-900
921
2509
39821
7621
32721
-5642
8621
-4875
821
521
2321
-500
921
8321
9921
5621
-95221
9821
121
8667
-43342
4735
-621
721
-5283
-321
-9871
8021
7270
721
1821
-99921
-60821
9721
-542
2776
6804
4621
-942
1721
3968
921
1324
13021
-800
8921
3221
-242
7021
36321
7121
2121
-542
-1644
1821
83821
40421
84621
71321
1541
4921
-10221
8421
1505
-85042
-800
3721
21521
80421
-521
2421
5621
321
20121
5921
8821
1721
9721
1709
-321
31621
1549
-82200
3776
-91342
1621
-73121
-842
-61800
1021
321
60121
7340
69021
4575
5285
8690
2621
-600
-9278
36721
-500
-400
-142
8721
1321
-700
-342
9721
721
57721
43921
5501
7206
18321
-221
7720
221
4886
56521
-42042
8271
821
9521
5021
28921
-77921
4155
7794
-521
321
-14921
6799
27321
8721
-3557
921
1821
-600
9985
-842
27521
321
-33900
421
8021
7818
1408
3382
-9741
4827
6821
-27742
9566
3621
621
6121
5912
5921
8321
4182
-300
-1805
7736
1465
-63642
821
3121
-62842
621
9021
-76521
3511
8102
721
-13542
3810
-642
-51721
8621
-221
-33942
9766
-442
35321
1385
6733
7614
3039
221
6413
9721
-942
6681
821
621
9077
821
-95321
521
-71900
4988
-6458
4251
-121
91921
-100
-521
2457
1728
-942
2637
-73500
-63821
921
-11300
-28721
6234
1021
8221
921
621
8721
8521
521
-942
421
221
5641
5821
-700
4539
-48642
-65000
-91542
-4450
-142
5923
7781
28321
-1962
8429
-800
8521
-60500
3821
5921
4238
6965
4121
40121
9907
-500
-500
-921
1907
9121
-821
50921
-500
4815
421
-621
421
921
6011
1790
-200
-542
-500
4410
-142
-45321
-900
-33000
6521
97921
2221
5221
-14321
721
57921
-742
321
721
-41300
4303
1606
6588
-142
421
3621
621
8521
-29642
421
6458
8021
8321
2348
4682
9421
8921
7841
121
3721
2038
-53821
821
-24842
7421
7621
-900
4021
3221
821
4678
1521
7367
9010
121
72221
9150
6821
9521
121
2006
-721
6507
-3852
621
4821
-39521
-642
-97100
-1648
2621
6921
1108
-89121
3518
2744
1341
61621
721
5736
-30200
9421
4621
7221
-71121
-41242
-9979
63921
7436
-721
-100
-400
-1054
69521
89921
4216
-87742
5421
5330
7033
-4682
-200
9677
-700
321
3521
-93721
-3421
-621
2921
121
621
6321
4021
81221
-26942
-19442
-142
1271
-17100
-64200
-721
4421
-500
821
-300
4721
2927
94521
-97942
121
-72900
7704
93221
6348
-53800
-4442
-442
17021
8921
-7536
8375
3121
44021
2121
-96000
-38600
8221
821
7758
82621
94221
2421
80521
-321
1908
7121
-17642
-29821
-7228
2538
2521
-921
40221
3321
9021
91221
59621
49421
4453
721
-542
621
6161
-742
2821
3235
-1100
1921
87321
-91742
-3667
221
-321
-7782
9273
-26021
-5821
9021
5921
4183
-542
42621
3162
-521
-721
-54721
-121
-600
-44742
47321
83121
-37300
221
1121
2266
521
9280
7621
4821
7740
4921
6446
73521
-800
521
421
1491
-1433
78621
721
-33542
48421
8258
2621
7553
621
2673
-442
9321
-521
7688
3698
3434
9821
-17142
-54042
8621
-24221
-342
921
16221
-742
521
81021
-200
10821
9121
-8561
2121
-38800
21821
70521
621
3329
6221
3821
9689
26021
2696
9984
-421
-41842
96721
-3909
8621
-3916
421
-142
-97842
-5921
221
35621
-10821
4421
-221
6221
9674
921
47321
72721
1581
7845
3535
1366
3721
5612
-542
1621
-421
2436
4285
821
1921
6929
-600
-242
-600
5914
-442
9663
1050
621
-36642
721
2221
-8067
721
-800
-542
-3363
4321
-85121
7902
8658
-13800
9524
-3821
-29400
-36342
-342
4621
921
7052
121
-621
3625
-742
-5393
-86300
5621
1921
-10000
-66542
-73521
721
2696
121
-34600
-342
221
5921
6705
80821
-94821
8584
-821
721
-25500
7521
-842
-700
8621
-821
-721
9921
-1942
-9254
521
3066
321
5146
-8871
-9296
9521
3029
-18742
3169
9121
421
821
221
37921
1221
5990
2421
1780
3821
-4139
-500
72421
6307
7521
5321
-98821
721
3958
-99000
6562
-700
3321
221
8836
5321
-642
-921
-342
721
8521
9121
4931
-742
7095
7825
8121
5619
721
-93500
52221
9921
-621
8827
-500
-44600
9000
5221
9621
321
-8942
-121
9721
-84300
3953
3621
59821
-29200
9798
9021
4721
2821
65221
1621
-65742
9290
9721
8921
8601
1649
-942
9671
5221
1637
-91721
-142
-78821
1645
4908
-921
6370
-542
-31142
66421
6468
17621
-142
9521
-82921
73921
25521
99521
-1650
37421
-421
6921
6560
8921
5321
321
-90200
4492
73021
9610
2507
8430
7821
65421
-9265
5484
-14421
4621
65921
3614
1579
5121
-642
9025
121
-121
-43400
5024
5421
2221
1146
7732
321
3021
7989
4183
32221
-70421
621
-942
4728
4709
121
4288
-8637
61321
-300
1487
-542
-21500
3321
1121
95321
7079
-99421
-8577
4553
2508
3621
-7591
5321
3421
5221
-71842
-421
6621
-121
6621
-400
-27121
2321
3342
5921
-56342
-13800
4121
4053
6093
7435
-921
7964
-3138
7785
-13742
9073
4321
-4124
-7463
8621
2421
621
62421
-64021
4721
-300
321
621
3182
54521
-500
-70300
42521
-74000
8460
-18242
-7079
9421
4699
-900
89221
40421
4348
9208
-48400
-11800
78021
4821
4621
80321
30921
2621
6021
-98042
1392
-3903
621
-4426
-4642
21
56321
6256
1362
5385
-421
3121
3462
-742
-47042
3631
3421
-942
-72200
-31000
62321
9194
11121
5114
-842
-442
6340
1464
4883
8621
2521
4506
121
-121
9187
-49600
421
621
321
-85321
2731
-19621
121
-121
5546
-542
75921
-521
7421
7624
1921
87721
13721
1867
5321
5622
3921
9103
3921
-4842
4721
-700
9046
-442
6574
8264
3420
-28200
2521
-942
5221
5821
3721
5621
-84421
621
-621
5121
-55721
2921
-11000
7839
4021
3721
-321
90521
-18521
-221
121
5881
8784
5821
-43200
-221
6821
821
1840
8131
-50942
7721
12221
7964
621
9470
8121
-921
-742
-642
-521
921
9233
-81000
2772
-2521
94321
821
6921
9521
1947
2736
8221
1993
-4986
1356
6094
1344
-6482
59521
9956
-200
-28700
8721
-78442
921
-90042
1521
1721
8821
1921
-6028
-200
-721
1921
-57000
4921
4921
-87200
-842
7020
8940
321
-442
-11521
-200
9821
6870
-642
2021
3553
621
8026
-59942
-121
5921
-17400
6721
2203
-17800
-842
1021
-41421
9079
7221
7621
6350
221
-300
-900
-242
-700
921
41821
93621
-2858
1151
6221
6415
2328
-600
1931
521
-800
121
621
5421
421
2190
1528
7626
121
7421
721
8521
2321
7721
9664
221
5144
1221
4280
5445
-66321
-56142
1683
-20521
2221
1407
5521
1821
1955
-5000
9621
28521
-7721
-41600
5621
8321
6239
9221
4099
2772
-100
-47400
4409
3625
521
-11842
7021
-121
421
121
721
-321
7721
2172
-621
-7280
521
221
5866
4930
5821
7256
9062
7635
2421
-16542
-58442
2521
621
6821
5521
-3721
-142
2421
8657
-4099
3536
3721
-9110
9221
3121
-61121
-1268
7996
1621
8458
421
-85400
-22921
9336
1621
-19900
-74300
821
6902
11221
2949
8321
-38521
-8083
8521
3913
3228
1621
3097
3008
5981
-57300
421
621
421
221
-1313
63621
5441
-4975
-700
221
7926
-28300
-400
-46442
8245
1840
6164
-700
3721
821
-95000
24321
8579
-921
-19100
-70700
521
7421
4812
7621
-75121
321
-86300
3221
621
1521
7121
-94300
9103
4344
3939
-90842
58821
-721
2501
-90521
-33942
-521
2684
-921
9408
1921
3485
-48942
8721
7121
9585
6882
-921
7586
2756
921
-742
7307
5121
-721
5468
-542
-300
1612
2710
-842
8343
3016
-200
-8513
4021
6221
-400
-16021
8639
-3721
-97542
3221
321
2015
321
4264
75421
8148
321
521
9221
-800
5125
3921
-5981
9421
-321
5421
6477
4121
621
78021
-121
8021
-2236
-442
7421
-942
5766
-90221
-60000
9821
9721
-121
921
95221
7221
3765
-30521
18121
-800
8621
121
-65421
86621
821
-321
-63021
-8417
-93100
4521
9323
4121
7514
2778
-6821
321
4499
-98921
-93800
-100
-642
7869
8521
421
7682
5221
-26100
-72242
5321
-842
-62642
98721
6121
2421
-5183
4918
76221
-13042
-900
-72321
-600
1623
-7530
2525
68521
6788
5421
2774
-642
-7370
-600
-2869
5721
30821
28221
-821
5121
3621
2241
-23042
-600
6121
4859
521
621
1321
5521
-12600
7792
421
3888
9857
-40042
321
7542
-99342
121
-442
-33321
5821
-60821
-57400
42321
-26100
8018
-94121
5521
321
221
-100
9921
9446
79621
521
-61621
60921
5142
6721
-54921
-23300
-18742
821
6021
421
3521
8021
3233
-2300
-49721
4021
-600
4921
-25221
4747
7821
7321
99421
8042
-221
4153
9741
8913
1421
8721
2021
921
-142
6138
5621
8421
121
3021
4421
4724
30621
7821
6223
-342
4821
9221
42021
621
6621
2446
6273
-100
4062
3437
-421
4694
-84342
-78042
-5018
-22142
82621
67221
8521
-13321
1993
-7106
-800
85721
-642
-22421
7021
-800
-600
-78800
-95321
-721
421
7121
-36921
821
221
5921
-82421
6321
-25521
-142
4021
3867
1121
7732
-521
6886
621
-442
-16200
9170
8907
1921
9509
-942
4521
82721
8721
-621
-32321
-521
9821
621
5421
721
5221
7821
8121
84821
-49021
321
821
-2621
6721
3521
1736
8021
-242
5074
7761
10021
-5993
-78421
-44442
-200
5339
-6642
2321
-9482
4621
-1535
-121
-642
7821
20221
3097
1504
-7651
7021
-64242
8502
121
17821
9621
-41621
-542
14721
7982
3353
3521
88421
-93142
-7764
2621
-700
4731
-900
5179
2329
5477
721
821
-29300
2735
8921
6746
5494
9781
67621
1290
621
-35500
221
4321
-521
9321
-942
-300
42921
2221
-71521
-3700
5421
43321
621
1152
-81021
-4702
5018
6093
-10742
1121
-37821
-78000
5949
-7664
6257
5321
8621
80221
62721
1421
3921
3074
9628
2921
21121
4716
7921
-6964
-12500
-5145
-21142
15421
60621
121
121
-33542
121
1027
121
921
-7967
7821
9503
5081
5066
-142
3234
-95521
7421
90821
6459
4521
-621
50921
3821
-46042
221
9241
7821
7521
3621
5721
3608
-47200
-12600
3621
3840
-49421
58321
221
4321
5055
-521
9887
-97000
4421
-80900
66421
3221
1637
-60421
-64642
-96221
-542
-442
-900
6921
-9641
51921
321
95621
18321
3699
-74242
4021
9094
-242
-221
921
2321
-300
-300
25021
2721
-500
7658
3230
7044
-742
621
-99342
75521
6821
6521
5521
-35321
-400
2821
74121
7192
521
-29521
7476
2723
5684
-100
7859
2508
4821
-79242
-700
-242
-3628
-77921
821
-96600
7821
2621
421
6058
1899
3743
-48342
1921
9021
-35821
-621
-33942
2421
29421
-142
2521
11121
-93800
53021
8721
6721
7497
-17221
-421
2121
-89321
-242
-20642
30821
8721
7526
3100
-542
-342
8721
-58900
9500
-21700
4276
-7375
-45300
-900
4721
9621
9942
1713
-53200
5169
11521
-8742
-321
-17721
50421
-19100
-8057
2021
61221
6221
-97300
821
1581
-15900
69821
1956
-4993
4195
-16221
3921
-2742
-400
5921
-36521
-62021
-83342
-25842
7285
4321
2151
6011
7441
7921
78021
54621
221
9387
6726
95521
721
-300
8514
-18300
-30821
86421
58521
-82521
-242
-74800
5532
4552
221
-22221
2761
6001
5980
5900
7918
10521
7721
-842
8326
9448
-29600
2849
221
-242
-6881
4421
2521
521
-19121
-15821
421
6156
-70721
6421
-8441
7221
-82621
-4021
16821
3160
821
-91042
67621
-76842
1210
-542
-721
6921
6321
3321
-942
-421
1770
5887
2121
8421
5108
-64842
-542
721
9621
-400
521
2346
-58342
721
66321
1508
421
6421
88621
8942
-500
-92142
-900
9633
6632
6221
221
321
8784
-25300
17021
86021
521
9927
621
-200
9354
7721
42221
-92342
3899
2421
-21942
4927
70521
3258
8821
45321
9021
5333
31621
3021
-821
-64121
2121
70821
8121
2721
-842
7117
4707
-300
3762
621
-100
50021
9875
-300
7321
521
7921
4827
47121
2038
3521
-942
-700
-45600
1419
-500
-700
68721
921
-8462
7421
36121
1121
5551
-73100
721
5521
81021
-821
8421
1421
8221
-87942
3421
-521
-542
-67900
9876
-76642
-49621
-842
-421
4621
2821
5921
83521
-242
-621
8521
-442
66821
-7387
86021
-37121
4721
7421
-921
-69221
7021
-14542
-521
7921
321
9821
9621
-742
-200
221
-56800
69521
5445
9246
6721
3539
9111
67221
-442
9620
5121
8638
321
3612
-542
-800
-200
2565
-6781
-100
4795
9021
4727
221
621
321
1821
9094
18821
-61421
1237
2421
7721
7150
3577
-87800
1621
-842
29021
-500
1921
9539
-8321
21421
80821
6421
-900
6373
48221
56721
-55942
7767
7121
1621
3421
-39400
-521
7321
8417
521
97721
1367
-38221
12121
621
-81221
4221
-69342
-821
-342
7421
5610
9321
57721
3861
421
-60421
8093
-2113
-142
9666
-742
-400
-721
621
7103
9821
921
6944
5344
6571
-85142
9621
6421
221
8101
4025
5121
34521
-30421
421
2255
-600
1821
7598
1121
3573
8070
7012
5021
-89521
7621
-4266
37421
7706
-30921
8321
2434
3921
821
-1895
-742
7012
8121
9906
5521
821
121
8421
8221
8321
1442
8921
51521
9137
33421
3821
421
8233
1675
7706
13921
-500
-62121
-4200
621
5020
6337
7435
41621
-421
7684
-842
9321
1265
221
9936
-11621
-300
5221
521
-821
4842
34821
3191
-300
121
-142
8521
1202
25821
2221
121
97921
321
-121
-41200
9321
3184
821
94121
5221
521
82221
6321
-521
1924
69421
-221
6121
69321
-1914
6721
321
-86421
-942
8521
3612
2221
421
7587
9243
-642
1775
9221
321
-300
98421
121
-1362
-27842
8721
9821
2163
-52921
3121
-521
-4900
9289
6283
-2920
7911
-2333
321
-4800
-89942
-921
3821
721
821
321
1856
5721
921
-442
7021
1894
2021
8121
90321
-942
5088
7085
-32542
2015
3721
-70700
2382
7921
3866
44921
-56742
-27100
-242
-800
8375
7221
6221
49521
4921
-700
19821
1243
3621
1221
321
-70142
-81221
2464
521
-3035
2731
2729
95921
7221
5921
421
-100
-221
-75342
3621
4421
43721
1921
96421
-900
-421
-7494
2221
521
3669
8261
8609
-37242
8721
7725
34621
-800
1121
-442
3645
-57442
7027
-121
9021
35621
7421
-242
921
6821
6596
-74142
-51442
4118
-15221
3121
8162
-800
-700
-98721
8205
-6211
3021
-200
-74721
-542
1696
-600
-800
9421
5363
1738
1721
-921
2165
5594
-66342
1521
4021
321
63921
321
621
-78042
3821
6321
7921
4687
-700
-17221
5178
-69621
1121
8283
1521
3719
6221
-24921
4733
121
8621
-321
-500
7321
3421
7266
3776
-842
22621
5221
4821
-41621
-81421
-400
-1883
7521
4621
4337
5921
19721
81921
5821
-621
1668
8389
1221
3099
10221
3408
27221
3221
9821
-342
821
3121
8475
221
-142
2705
2221
-542
4921
721
-39242
421
6821
-1791
2861
5621
6221
9621
-48221
-700
3421
-77342
7632
9021
-8927
8821
-79200
53321
-69200
-83000
-38642
1931
5363
-96221
9374
-9142
3121
1968
-9340
8521
5021
8630
1594
8121
-142
-142
-6068
-17800
6121
4604
-942
121
-200
-46042
-89600
-642
-842
79421
1321
-69200
3521
6421
5816
5821
95321
621
7121
5921
4421
7186
4097
721
-11621
8588
-342
-65500
-4286
-621
521
7767
1917
89221
9509
23321
621
-88142
421
-63400
11621
421
5051
-35442
8921
31921
9333
-142
-8431
721
4498
8607
721
4720
4721
4640
8234
-121
9891
34521
4754
5456
8121
-242
3721
4021
4921
3894
221
121
121
-6042
1901
221
9299
-121
-1993
8821
9821
9621
-600
6163
5117
-93542
5421
47821
-942
5221
9894
-342
-72700
5921
-69242
6682
48321
-500
-542
3721
9211
-13400
3721
2721
45821
4986
-93821
2931
4773
1821
-84842
62921
-9442
-321
7338
-8098
5921
7521
-742
30221
-621
-521
-47500
-41342
7321
-221
74721
85521
8621
7821
7945
7221
-11600
-6570
8105
2021
321
3212
-800
921
9621
-14942
86921
-242
9221
-542
-24921
5121
5775
6354
921
-82442
721
8611
8421
121
8721
-821
-30800
621
6521
3321
9254
2480
4782
1421
4721
-142
7733
6521
421
-200
-842
4951
2863
521
-121
-43000
-85800
2916
921
5645
-10100
4677
-342
65921
5121
6246
-200
-8643
-8111
3927
86521
57221
3521
-53900
-9318
3763
3647
621
2321
-921
8482
-78842
2024
1321
-221
-32200
-91842
8921
221
-842
5055
1721
6431
-6945
-66800
76221
89621
-4844
6892
-2713
9366
6773
9121
-300
9145
3884
84621
-1923
-842
-7604
2389
1921
-61321
7621
-46221
60421
4921
7633
4524
221
-83900
7639
-4361
-600
6821
7772
-600
6121
3721
-642
8745
61921
92121
7542
821
421
221
2021
-600
321
1621
1507
8821
1054
-68200
221
1420
621
221
-742
-54800
-37921
55721
5721
221
8292
8821
74521
86121
7667
-321
4835
-821
-542
5728
43021
-542
3519
1881
2021
9324
-19721
6621
7621
66621
9121
8196
8721
-49242
6321
-142
1221
8421
5421
-421
-800
29021
621
7021
-342
1721
9169
5421
1105
-20300
4821
2363
39921
7618
621
9928
3628
2121
3421
7959
9121
-75400
6521
2821
2321
1961
4512
-821
9021
-38600
47021
3321
4921
-621
-71900
6221
39021
2621
2121
24421
4113
-400
82121
9321
-25621
-5138
9717
-90042
9396
9021
721
221
9021
2151
2621
921
-400
8421
35721
-942
6621
421
721
2621
-77642
-82821
-100
1921
3206
8262
6322
7039
3821
-4521
-48342
-32542
1821
1805
13421
5696
-300
-39400
75921
1621
4721
9421
3563
-68100
1404
-50221
-60642
-721
-60421
6221
221
8919
9469
1121
27321
2821
1621
621
5221
36721
9172
4418
-242
8392
-8704
-54721
2454
-221
-61442
-61942
3812
-321
621
9621
-421
4741
-70142
7321
3984
621
6721
-4477
-8800
221
8121
6245
1331
9748
2021
6736
-58321
5821
-700
5721
2921
7816
221
79621
8721
-68742
-16842
921
6494
4721
2179
4621
9421
6116
87221
5521
5321
4321
1032
9
4521
521
6782
-33042
-7381
1721
921
11621
-121
87821
-400
94121
-242
221
-19842
2421
-742
81621
9029
-800
32821
1743
3677
-742
8721
521
721
1397
6221
4421
-14900
73121
7621
421
9016
-842
-421
-68521
6616
-721
321
-700
-321
-43700
-97400
4121
1446
1621
9802
-842
3621
2647
-542
7621
37721
7161
-400
4241
1121
-5639
-9333
-85542
2227
5021
7221
43421
8721
-821
86721
6804
7666
1413
-242
-400
2535
18121
2921
24621
3816
5621
521
23421
-90600
3797
621
-97021
8264
2621
9611
-52442
78321
3321
-13900
7900
9721
7679
-142
-80321
2321
43121
221
16021
-521
-100
14021
2621
-442
2021
3869
-142
5221
521
721
4961
-642
621
-46900
-41421
6121
-721
-93821
9820
-53821
91121
5922
8186
5021
48221
421
-42700
-842
7129
-43621
1003
6053
1021
-16721
83421
921
3847
4821
-23421
6351
5021
3221
421
-700
1521
76621
921
-6530
5221
7421
4821
60321
80121
5955
1693
4221
2321
-75500
4591
28921
2524
-19521
-64442
721
9712
3821
9185
6157
-821
-400
621
6621
2521
-942
621
70121
5172
-500
5821
4974
-542
9721
3521
1834
-1438
7021
-23642
-6333
-421
-76700
621
-38921
-69300
6821
321
-600
29521
-121
1160
69321
-442
3077
21721
-942
2213
61021
-82242
5047
5621
1021
121
-88100
-521
3121
5321
8680
97421
7090
-19100
-50400
-542
-6678
4021
-32100
8504
6014
-25600
221
921
-542
1632
4221
-1946
5821
-4031
-221
-76021
3621
621
-23800
4821
2121
-77000
1843
6021
34821
-242
5770
6821
2721
-8174
-26321
9685
3297
521
9721
-342
2821
7991
-21921
96821
-8023
6521
-56221
-921
6442
-142
9421
-400
-4042
-800
-85242
-29300
-28900
-342
-821
-84021
-600
9180
-65500
9483
-942
821
80021
-9721
3621
4015
-221
-50142
-40700
321
8321
-88700
-31900
9810
2367
-1000
3113
-24821
9168
-900
-36300
7874
7221
921
-18000
-63042
421
6754
-942
2221
-95321
8674
45321
-10642
6099
9921
-800
3521
-7834
-54442
-121
8621
8596
-7642
6621
7319
7869
3747
-98442
-74542
26321
8970
5121
2095
3021
61921
-48300
7721
2121
6184
2621
6521
3121
3390
-621
3921
-542
8921
8310
-17421
2233
9221
2557
121
-442
9067
2021
-400
6930
1375
5763
-95342
6036
5721
9821
1102
9721
4421
-721
5805
-96800
83621
321
2282
9523
-500
-921
-20642
9421
-521
221
-942
721
9962
-42542
221
821
-27900
8267
83821
3121
-900
1382
321
-7651
721
2321
57521
-300
4945
9221
121
6743
-342
4721
-321
-300
-621
421
321
-400
-142
7378
-242
321
121
-800
621
5556
2308
4911
1579
78121
6221
-200
5365
-100
9870
2675
1014
-79642
5421
421
-342
3521
2321
-31142
521
-721
22121
59921
55821
3021
6621
-95700
-49700
721
-3509
321
6521
-821
-4102
5621
-842
421
5721
9621
17321
-4775
-36821
-200
-92542
-83042
4321
2921
-99800
5509
1621
1321
7151
921
-500
-30121
9221
221
8821
6285
3732
3072
-5321
921
-78242
1442
2521
38121
2721
-721
-521
4887
13821
2721
221
-15242
5021
321
2721
421
321
-321
-36421
5521
9221
2395
-76500
1043
-93300
521
6857
-800
2721
-7272
9908
-521
8221
-88321
-64442
-68000
21021
8721
7221
1037
2721
29221
3857
3366
-100
-92442
-44200
-21700
9775
-100
-60642
6221
3108
-700
-13642
1321
-64742
3638
9557
4161
9858
5421
2021
53121
721
8423
4421
-47700
-3590
2121
1621
221
-842
-51442
4233
-721
-2642
4521
1983
-321
-2005
-200
7256
4546
321
-43542
8439
321
3321
6145
4948
-421
11721
6221
3321
4721
4821
821
-7543
1621
1421
-421
-742
7219
4129
5621
921
-100
-47121
-842
93221
9021
-342
-800
721
41721
-721
7962
-64500
9907
2142
3643
1933
3121
-90621
8655
9832
3788
-66300
5090
-6640
-49000
8721
1072
321
3605
421
-17842
-842
6021
-321
3821
121
9313
-3415
-621
-45700
6134
68821
-88321
-27021
-32200
-121
72321
7821
6747
-1267
6398
5503
-121
7721
321
6621
-700
4421
-28321
4088
4312
52721
5121
-18621
4074
-99400
-642
921
7221
-821
-4613
2322
4121
-421
5423
63221
4888
921
5321
-900
-300
-8852
6321
4148
-8900
69121
95521
-600
6621
-142
1219
-73121
8634
-27300
-27921
4478
4926
9375
-300
3058
4621
54821
5221
821
-7249
921
2578
-521
-92021
10721
-8900
-321
7948
49121
4049
2150
41321
5321
1024
-28700
76221
5221
7021
5234
1621
1421
9585
2643
4759
5721
-67100
-11842
45821
8421
821
121
5242
91421
9721
-621
-5833
921
-921
61221
321
68621
2800
-78242
521
8641
121
821
7421
-5390
62421
52221
1728
5421
221
3570
1632
8509
821
9021
421
9710
1120
4772
-14921
8521
89421
-4984
7033
-3382
-70942
13221
-6798
-44400
2644
-442
5337
821
68021
42021
9495
-6452
-86800
-67942
-942
-600
3483
7021
-72000
-942
-742
8221
1154
3589
8221
5221
-800
5221
-42421
-73221
6921
3808
6021
6221
-500
721
-921
5280
-70300
-142
9821
6521
-82942
47921
8999
-49521
-421
-121
5079
1653
621
3121
-621
121
4827
-4973
4474
-54921
-900
-52421
-700
1721
-4723
-7900
221
-44142
5680
9521
4201
421
7226
-4758
-3436
6749
6722
9521
4421
-4456
41321
2193
9821
-99000
3350
4221
9308
-31242
-300
-31342
1221
-200
-821
1253
5367
-242
-4209
-67200
22221
2822
6821
7031
-49000
97421
-542
43621
79421
-19421
-700
21521
9421
-85921
-35800
2397
921
2221
-100
821
-9159
3557
-121
421
121
4121
7504
25921
-700
3295
-35721
-92100
421
6523
-142
3724
6661
-9902
-45942
54621
3417
8088
2730
721
6807
-942
-99521
7497
-68500
121
121
6899
4264
-4053
9921
-17800
-63142
6141
-621
-37042
53321
821
421
5563
-60842
-97142
-800
1621
-15021
-45500
79921
-900
221
3828
-721
-75800
-300
-700
7721
8524
-4621
-4295
60721
-842
-121
2545
521
-89500
1721
1872
30021
47621
-8333
6521
-48621
3621
-24321
6921
8821
3861
2821
2321
4321
-921
9285
8521
3858
9490
45321
7421
-821
-5293
58221
9240
-521
-34142
-342
-92542
4077
-242
-221
-121
3682
9207
-742
6859
-59021
5721
121
9518
5421
1970
4044
7957
91421
-94100
-36200
9121
1011
-57042
-500
-200
8821
86121
9921
-221
3981
-98142
-23442
5821
-45521
-300
-39442
4721
25621
68721
66521
4121
1221
7954
-121
-14400
3221
2500
-542
9214
-64321
5742
5111
-221
7553
8721
8430
-90721
-3012
4321
9367
921
4021
-400
-442
4421
9921
2121
9621
3161
2639
-18842
1865
-642
-6444
7521
-842
5603
-242
18621
-3787
25821
-61521
67221
32521
4921
-6646
8819
6321
-442
3953
-800
521
521
-2152
-442
6003
6521
321
5751
221
621
2921
8790
621
81221
2921
4621
621
3121
2221
3026
-421
-221
3932
4321
821
46021
8722
4630
3621
-121
921
6921
1821
521
-142
6757
7646
2921
3763
-642
-800
4093
621
8107
-21142
4921
71321
6921
9968
58021
-221
-17142
-342
2021
6221
1087
8121
-29600
6321
-56121
221
-29721
-5191
7921
-21321
121
89521
-53542
-31321
-22942
7921
90421
-600
8721
821
7617
-80242
3521
-642
9021
63521
1021
93021
1121
6021
7645
-6905
9421
3495
2721
9721
8821
96021
82821
26221
-921
7863
921
-11321
-321
921
9263
8948
9824
-8987
6321
-53100
7322
421
20721
21221
2305
3821
7080
-142
99121
25221
8521
321
-82042
-86500
-14921
-1021
-821
3121
25921
-642
421
8321
4021
721
-56421
1121
9284
8521
-54942
5421
-5421
3021
-200
8686
9010
-121
3821
-300
-23500
-91242
-2800
-7622
221
-33442
73921
7321
-742
-421
7521
75321
5834
821
4821
3545
-421
921
721
-621
1576
5409
85921
-442
8861
16221
321
-1176
-60100
-36721
1821
7681
4634
1221
-44400
4118
-600
721
-55600
1211
-58000
8227
-9000
-87000
121
-70700
-8034
3360
7102
-15142
5721
2921
7521
-5988
-44300
3621
1721
7021
1954
-30300
921
35421
4921
4425
-921
2421
121
-600
63721
3757
-421
321
6137
-700
-221
-700
5174
-85921
-22500
1021
521
8821
-93821
62321
-29921
5421
49321
321
-3688
-90742
7765
8421
3925
121
121
8921
-5512
-642
-72421
9421
69021
6165
4160
-742
421
9221
6721
-300
9811
5221
221
8684
-600
2791
4921
-421
-3221
7512
321
-800
5713
8385
2598
-34500
9521
821
521
621
5132
-7357
8371
3715
-98200
-321
-300
-642
5653
2527
7122
-200
-400
4621
-8200
5521
1221
-99500
721
6521
98921
-121
1688
-542
-500
6371
1821
-8800
7263
2568
72321
-89842
2636
8476
-49300
-6546
16721
421
-10842
8921
8721
5321
5205
-6640
321
-90921
6020
5281
921
1683
721
7921
-4742
8121
34121
59221
2121
-21921
76621
-221
-600
-42621
-82500
-242
21221
-15800
-87621
9878
-4009
-8781
6122
89821
3721
2260
6121
1521
4721
8229
-92300
70821
8012
6521
221
-2142
5821
2621
121
-542
-91921
-3027
-4114
-94342
-621
121
-2387
4221
5621
921
-521
1882
8521
3198
-86042
2821
5721
-73500
-142
-53521
34721
-800
4621
-59742
-86700
8121
621
921
521
79521
7934
-97321
-321
-600
621
121
7421
5789
49421
-221
-742
9941
2621
821
-3636
64221
-51921
-8880
-421
-1802
-421
6990
-200
-500
5026
37021
9236
621
7221
8121
-600
5921
-74021
721
-33321
53121
-9300
3236
9909
-8421
7171
221
8621
-100
7921
7121
7821
9121
3532
221
8421
4754
5321
-18100
2124
-10321
-100
-91000
-16400
2621
-221
8437
9651
-200
74321
28021
521
6321
-100
3647
121
35821
7421
7621
1521
-4245
3921
5253
5842
121
7483
-342
1721
4821
-821
-521
2250
221
-47242
2471
4521
4104
-1521
-1980
121
7421
-48000
-442
921
-621
9007
7232
6166
5931
-29800
-1366
821
921
-94721
4304
75821
-56242
-4471
6503
-6145
17521
2571
3072
3921
9201
2425
221
-7842
9621
-621
-64721
4849
3762
1100
50821
-74742
121
-400
5901
-54800
2705
61021
2321
921
121
5487
-88321
3982
6895
-49700
76421
7921
-421
5270
-121
6921
5021
-642
3221
-57900
3026
-6887
-721
-442
-1321
-8242
11221
63721
821
-97142
-642
8334
-87642
8436
4783
-221
5121
61021
-40821
-142
-621
-1918
9221
3321
24221
-400
3121
9178
-2708
89821
-86521
721
8521
-821
5008
-900
8906
1533
44421
8991
-142
-521
4821
-321
4421
4321
3403
70021
-11400
-642
-442
-821
-8544
5821
621
4421
321
51121
8020
3821
-63100
7021
9021
6421
221
2498
9438
221
1259
321
65021
-621
-24642
71121
9658
4942
8330
3121
-53300
6021
1421
6921
-642
-742
-8800
-542
8221
5121
421
121
-3642
6021
-400
85121
2621
-1900
221
7121
821
321
6038
-44121
4759
4800
-15221
-542
-38021
-5466
5437
2021
1021
-81721
-600
-7806
9113
7780
76621
64321
2112
-24742
-900
6028
8721
921
5184
3151
58321
-54300
-4442
921
-642
-35242
3021
3906
321
-500
9514
-9642
8097
-71542
-5374
6321
57221
13321
821
5621
1621
83821
7176
-200
5330
4791
-4280
22621
9321
4321
-89900
4221
-721
2294
5300
3921
821
9678
62921
-2700
-10142
1466
6521
-77242
221
-89642
7721
321
6328
3828
-36400
4078
-59100
8349
-76921
4921
4873
-80600
76521
-31121
1321
-93000
-21200
2815
3736
5921
9997
3921
40321
521
6896
65921
7821
-18121
-142
-9855
321
621
9521
81421
-82800
-22321
5321
4721
-88542
95821
43321
-37121
-98600
4876
4790
-7431
-521
1490
9621
7921
-921
-942
521
-7500
321
-51442
821
1721
-19221
46421
9587
-3100
-9769
-200
3221
6223
221
64021
9221
3621
4421
6328
8921
9921
721
5310
9021
-70742
8426
3821
82621
-47142
921
-33342
3321
821
-221
3478
5611
321
2021
84021
2363
4387
-47221
9721
37121
20421
3421
-521
2721
521
-900
5910
521
37821
521
38121
-4572
2961
721
7457
-9834
1121
6431
-500
-200
-621
-22121
74221
-200
72521
5175
9190
-300
64321
44021
-4964
-1700
-921
-92821
7536
7458
79521
-2478
521
821
42221
2621
1421
-200
121
3021
4321
521
-40542
-821
321
2121
-39321
-36000
5150
-600
-400
-21121
6973
-842
6821
-2100
54821
6197
-321
-95221
-2378
-242
-24000
-8526
3121
5021
2415
-900
-300
4121
-27721
-38900
-521
6219
6821
9003
8125
-321
9154
7321
-121
6321
1548
19121
5121
70321
-81142
5021
-200
-29121
-30521
-87942
73921
2121
38221
36921
-321
4975
61321
1456
8846
7421
721
33521
78021
7921
56921
4344
10821
4947
3021
-48621
-942
6063
2888
3074
-242
2867
-542
2921
-67500
-35121
-73921
4021
-142
3021
64621
1521
421
821
421
-58500
-7923
621
6621
12421
-921
5316
2452
121
5564
9534
9415
95021
1371
5104
4260
4369
9334
2221
-6241
2721
-80642
4493
5121
-800
3942
-100
-32800
-421
9721
-221
-421
4521
4660
89821
6721
-9256
6621
3082
-821
-7032
4808
3421
4721
5070
7042
7689
721
49721
92521
7563
-91621
2407
6453
2721
-542
6713
10521
5221
4975
-51042
2221
-58942
7824
4621
3208
8419
721
-342
121
2821
-86600
6479
7421
-47742
821
3921
-5726
721
-121
-14300
7021
721
5864
3521
-27521
-9345
2131
-221
-3642
9621
-142
721
6449
6931
99921
521
-542
9358
59221
-821
3721
7065
48021
93521
1521
1821
-721
1347
4821
121
16321
45521
-700
-68221
9216
4321
5590
921
-10321
-642
9231
2721
99421
1821
-61221
8750
-49000
64521
-74021
3921
-442
221
621
721
-621
-342
421
5221
3719
52721
7121
721
421
39821
4121
6777
7951
921
5821
-72042
-342
-76400
-93442
4221
1356
8248
1621
421
221
4791
6021
-91221
7321
2221
-60121
521
7043
-46600
1980
8621
-742
1050
3453
9587
-34821
9676
-66421
-90300
-521
7507
-16600
521
-600
8393
-600
721
321
-70121
1801
6932
4921
-321
-821
24621
421
4221
-75942
3221
-4057
7980
4198
4609
-700
8867
1221
221
1654
6467
2521
98621
7780
1421
-800
1621
-44121
7594
-55242
-31742
89521
-67442
97721
-800
-68000
-6752
721
-3721
9021
-4103
52721
-8684
5021
821
9721
9851
2416
-80442
8621
9713
6721
-38442
2521
4583
-621
-4142
5537
1921
3738
-9740
-95442
4876
6121
-50200
2321
-57721
8821
3799
1621
421
57821
821
8321
-37842
2321
1621
95621
9103
-900
521
7521
8521
-62221
-7548
3821
-121
5677
35321
7021
2964
3107
-10121
8248
8736
8321
6321
6121
9021
-6908
921
-6091
-2620
7575
721
4521
7921
6621
9947
4288
-521
5230
5621
6233
8121
4121
8230
-6104
-22600
1020
-77042
6445
1725
321
1070
8821
7168
5564
69221
3721
-821
-47642
3321
-342
4321
-942
9921
-32521
2283
7326
-78600
921
1863
6851
3021
221
2621
-7614
-721
321
321
121
8152
6605
6421
-4042
-1080
7421
8780
1421
-9421
621
-921
1111
86721
3996
3821
5021
6821
-61942
-62600
4077
-7376
5334
-442
321
2721
9121
621
6402
-42642
8821
5570
9872
-81242
6021
4710
9021
3321
-100
121
8921
2442
-700
-7473
6272
72821
4123
3221
-4001
7917
-9300
-242
821
-9772
6621
1898
-1042
6813
-621
8321
-33000
-900
921
2721
7309
4707
-400
2659
-96821
14421
-521
-642
1921
-621
-80100
-521
9521
821
221
2021
-642
9065
-1546
-6921
121
8221
-142
721
6489
-6085
2872
7621
8621
8521
821
8414
9821
521
321
421
-6513
79021
-921
7208
3021
57021
-421
-79800
6121
3897
9521
7531
9707
-6381
421
-77042
-5211
77321
2822
4121
-62342
-9400
-921
-90342
87321
-600
7366
1447
5321
19821
6421
44721
6404
-5327
7921
4323
7021
91321
-6991
121
3321
9392
6921
2021
4085
3021
3821
-2701
5192
-242
621
-900
-442
4621
4978
-842
221
-95842
6312
6321
-23742
-221
-521
4521
-900
4721
9221
3621
-77842
8009
4158
-67021
9944
7721
-86942
-28221
-642
1221
921
9027
7121
-16621
6121
4072
-69021
-9710
8421
9464
1021
-1641
4200
3256
-26500
221
8238
-600
7767
-6777
921
621
-2200
3021
4916
3854
-97642
1521
7966
8569
14221
921
-78021
9390
-521
121
4995
-821
-46721
-84000
521
6321
-1442
3921
49621
-300
65221
10721
4521
8446
52121
-5132
321
7421
9921
-39442
-742
8921
221
6121
6928
-621
5268
4289
-9621
4927
2194
4229
-20121
-29542
4121
5321
1121
9721
-58342
7621
2709
5621
5405
4913
5121
2863
9914
5768
-621
-69221
-921
5392
-542
-821
7975
8679
-300
-69221
39321
-821
821
1846
-72842
81321
521
-921
2121
9021
-35821
39021
2321
-400
2626
4926
5721
6821
2721
1748
9621
9480
5021
-23442
-4142
9721
921
-9653
521
-71042
321
69721
1321
-93500
2443
60821
721
-721
5821
-621
1230
-600
2187
5221
6297
5721
4865
1621
-421
1721
-52000
-5807
-1021
27521
-72642
56821
1021
9886
7121
-642
-25200
-5158
8204
221
221
2721
1408
-7880
9721
-13500
-742
-73200
14421
9860
5521
1721
-321
3821
2821
-67521
-242
8021
-52521
67121
3234
1621
4559
3349
4566
1290
3121
88921
-421
7121
2285
1621
-1831
-721
-71642
9321
7734
6665
4095
8521
36521
5622
1521
71321
9835
9072
2497
9155
-36542
7282
-300
-90821
-75342
-30421
5113
5998
4721
-5801
-1947
-142
3221
9321
6811
-7879
1782
-7321
5872
-900
621
6421
2606
4616
70321
-221
421
1996
5161
6741
8011
4221
-87542
-921
3099
65221
5121
5932
2749
3621
8634
-3594
921
81221
8421
1485
-9032
-33042
6221
-49921
1353
-321
1305
5835
1949
1921
7221
3050
25921
121
721
5880
2858
2193
-942
4021
-600
-942
5772
3824
221
5769
6846
9435
5021
-5912
4427
4121
-28042
8533
-142
28421
24821
9942
-65521
3513
1021
9321
-13421
4671
-100
13021
3475
-921
2221
-342
3205
-400
4118
621
-69721
221
3821
41921
-96121
7921
121
-621
1778
27621
-900
-71821
9158
-942
48221
-94321
1821
8421
-742
9286
221
93221
-7926
-3363
2148
6521
-42142
2728
45121
921
4272
-80542
8533
-400
721
51021
2021
6232
4721
-25600
4144
-76521
9690
4973
-26842
7434
4521
-66342
-2166
5421
2621
4897
2637
721
-2142
-800
-121
9871
9121
-100
-800
87521
2221
7867
521
-842
-34242
-800
-63621
921
4421
5421
1221
3721
3321
1921
5021
221
3297
-63042
3221
-400
-72521
-500
4195
4507
-821
6021
521
3521
621
4065
1964
-5486
6221
5221
-54942
-921
7421
-12042
4221
-14221
7821
2321
57921
2920
6696
-121
421
-61921
-55142
2692
-17800
2721
1521
-9533
721
6921
-842
921
68421
-342
47321
-57121
1473
-442
821
2821
3721
39521
-68600
2441
1021
6421
4021
6641
6053
6809
6813
3521
-99942
7941
-700
3121
-9800
2105
-842
-70742
8721
1121
-200
3721
-85342
8221
2388
1321
9735
48521
5321
-90321
6801
-7474
-2802
16421
6142
1749
34521
-121
8698
2121
6157
-100
2021
2021
-900
2421
4429
-29921
-1513
7160
-721
62421
-400
-142
-71421
-6010
121
-821
6485
1721
7721
521
-38642
-8742
7421
-46921
-42221
-42700
921
68621
11421
-442
5944
-76521
7935
1857
6090
-900
-11400
1769
-33521
6321
5629
521
-842
4556
33121
-47621
-8120
821
-6451
9390
3321
6183
8421
8590
6870
6977
4621
-400
1421
7629
-60942
-76200
7684
-29321
81121
621
8804
57821
-74700
-100
1721
8843
5319
6584
3394
2374
7821
-96421
4166
1524
1821
-8005
37621
-421
54321
-621
9492
-31500
-89421
5237
7648
521
3821
-70242
-1618
1821
81921
9121
-49642
3421
-56500
5121
9710
121
121
6893
2821
6021
-20321
20521
-33642
3656
4238
9821
8221
3983
-221
921
-84521
9396
-87042
2221
-921
17421
4755
-62642
721
5749
8825
2347
7221
621
-8942
3216
-200
5621
9980
321
5521
5343
3321
921
4039
65921
14521
921
9921
721
1821
-45121
5847
-35800
58121
4180
8058
-85821
7521
8821
48821
8121
66021
8021
-9030
9127
-60421
6815
-21321
-60500
1011
3852
-221
-80242
-9942
-242
6812
921
-900
-221
7041
5031
-9901
221
-900
9542
4841
-621
1921
9431
9268
6721
3137
9698
1051
-9454
3777
921
-3078
621
8068
-500
1038
-25200
-94400
-94921
-65042
3921
8821
3821
-82500
13521
9521
8121
4621
4121
8079
7276
5475
5068
-6167
521
-62342
9575
-1542
3921
321
3667
-100
2640
78721
921
1857
