7523
97731
22869
43334
89408
81215
25717
56867
25634
65700
13150
87336
81314
25207
45590
91666
3086
68962
36083
17635
33025
76167
94886
96331
98286
55646
3854
58398
78206
44714
20316
39549
78264
41217
22158
39127
81816
60081
51767
94533
78141
45981
45241
50152
29687
317
73979
94547
39546
82088
75141
77682
76599
80018
53200
68711
26772
73055
36002
30009
93517
40057
29256
40490
43739
72460
77197
65479
17861
23220
42417
89906
64665
69523
32848
98407
83762
17940
17510
19599
36358
9840
62356
17614
10879
98769
47766
90973
75890
14945
97594
30196
23568
37406
2237
46898
2014
57216
16068
1791
91737
51154
64478
61116
33078
57624
75316
48751
84130
84885
20787
85156
41365
20869
82756
56232
42082
43071
16157
19846
83011
44079
48733
17437
78903
14399
56726
9916
36996
1747
32161
56980
20073
47491
10967
56454
63582
92974
38037
40205
21394
10598
66603
90610
8214
55247
80066
82966
40464
75142
58865
45628
80921
51573
18740
24141
32419
29212
76960
40993
30260
91172
18947
15258
60547
78307
78267
68595
60477
99466
33502
52493
57189
4843
78796
44601
28409
37399
94590
99959
56814
23537
20869
10691
72768
7036
50146
96989
35267
75610
20249
38006
6658
8075
54255
32560
48812
99426
57823
22362
91342
69994
57501
41691
95640
70352
2075
25121
66416
23053
34736
66767
54031
39182
29808
68022
54212
67325
51414
99050
21265
19057
17219
1906
18917
65173
66462
50581
7028
54297
38489
11771
51747
37293
9916
19217
17149
60621
91360
54622
9816
10878
46574
21882
60443
66539
29969
64598
57262
88501
99560
31164
116
87296
43621
98572
15254
40085
19166
70744
6706
33873
83352
55930
74608
18285
72457
78128
25828
49083
40958
34115
45128
18234
7720
99713
96085
1848
16756
49625
48689
41258
15274
75951
10843
29097
36619
99529
42573
7258
40228
85108
78274
35648
9487
61303
11787
60661
1237
72155
29685
10450
56802
78616
32595
60224
93016
40529
73945
90595
64466
45163
66132
79862
89335
78813
80653
55313
32840
24489
96091
58493
80528
79309
34069
44722
4272
27510
43321
48866
90026
33346
69348
62571
35815
69093
60426
38768
8794
16876
86611
49852
72528
3817
59767
29222
62018
11736
70156
9436
37308
61853
91813
36383
61703
36057
89813
44589
2054
49809
78480
56737
97666
4002
71457
93216
81198
35751
59563
59773
45827
31346
3354
18535
32849
16890
73507
20052
40432
26706
65287
96810
8202
26731
79385
37195
18265
73960
16470
22612
89650
12076
46638
78477
53752
79378
68354
90537
32833
47780
15110
46864
35599
77194
67164
9797
70160
16279
30157
52662
2469
61837
64388
62701
65690
57969
26978
31488
34911
51504
10229
86203
96462
80182
66566
26661
28239
6996
79672
27509
82232
48196
75530
81328
18662
75011
47028
79893
44724
91366
55274
61187
66044
45788
20535
8113
67943
79753
33766
11172
1643
92486
14592
53722
24578
93199
850
97890
8817
35250
39099
82687
67942
22380
35250
80212
49170
79970
89669
97446
63177
98198
35686
6025
18189
89724
21282
88478
36019
67491
64570
82824
52490
22027
33418
85542
88990
31846
68422
42972
16628
4630
87926
9541
98981
69667
61272
59554
47714
22586
5028
78189
41838
7287
83988
35211
52174
10739
18991
38945
20768
85166
16596
8503
40111
22945
91000
90759
11193
54817
95728
64664
5988
81997
35484
76115
58171
35782
96560
95317
44568
73899
74860
74969
24859
59071
33595
91158
59328
28325
89034
56192
75648
94138
40715
25486
16237
25802
94457
424
11910
96298
42302
48989
69381
32509
30096
80634
71271
38664
34578
2341
33743
18237
4979
17737
1437
90664
53509
8069
66287
16179
52825
35286
59433
14459
13000
90565
15733
94667
52221
59037
69908
97328
54725
9529
21508
39580
37729
76430
97252
19906
39821
19817
37703
42804
76240
98471
26000
76972
55969
76482
45777
31933
50196
90961
23871
95712
45495
68321
99828
13238
5820
82059
48186
18955
55608
10059
23092
78039
26690
3122
80205
81267
79120
75773
94847
73208
70008
97394
7994
4438
58637
87091
96521
50351
77221
29498
27577
49029
30062
54184
21575
17835
27776
52686
68063
75043
40237
63250
48979
23682
34391
57598
4247
46696
70750
37572
51299
31389
86330
92468
59978
34784
85929
83888
95038
37117
11812
48359
81861
65921
15182
9039
64549
67797
61509
88521
2074
2819
5519
613
21690
93446
4007
97435
26239
42975
81639
15254
98335
88577
78672
62584
68918
14711
96306
97832
9446
92931
24665
88101
71940
45344
50565
1800
49708
8058
48867
64409
72820
46902
57960
3714
96208
65623
21981
66028
33767
43311
61486
3872
28644
25047
71807
39145
61585
62306
44793
59355
12886
62666
18541
83350
94167
26151
48245
30846
77530
49157
3951
51602
39804
388
34750
63151
43103
36507
27676
6380
64340
26693
57353
34435
6636
37252
60888
29400
42628
71006
62886
84016
52046
83381
44436
34776
54426
98816
65908
81270
94792
23021
43380
37279
76154
42457
25499
89535
64027
59842
73518
74247
42752
27228
64337
67436
95928
47702
16988
3335
20818
35435
89864
20403
71771
61158
19319
39639
99798
36339
67836
73961
17512
51219
70213
96277
60342
45992
61033
95882
43935
69992
50187
67997
98490
74171
85912
26243
36608
78730
45881
74880
80053
83639
7462
46608
41916
6181
41197
62695
93877
62120
20799
83891
68725
7064
14200
55135
68296
75497
96452
78012
66517
65500
13244
12623
77128
62424
92954
37657
79623
54804
85109
73254
25018
360
23999
62856
87497
11420
96789
52166
5157
42285
38792
4090
32502
33973
96451
62206
56792
9503
18300
99659
82368
80906
37302
33524
25434
8288
16296
18827
94076
5628
39090
78597
50450
90716
67451
29267
60879
68831
79370
13563
80029
38153
48202
73129
74986
1239
81955
25948
46749
58296
12646
90470
28172
15938
95788
9079
45355
5410
75704
94077
78571
57393
951
8194
74354
29882
58437
34922
40131
8229
93265
48638
51368
3952
64495
10173
43144
83014
18662
79425
32886
83846
57383
7155
31242
31266
23117
25572
57206
35319
23205
85993
72799
89721
26717
4897
21470
53126
45121
92714
83137
73840
87939
34196
37869
71254
32367
66068
68214
33196
48520
21913
83992
79673
23111
94441
83324
11248
11424
51692
69375
13375
38177
1144
5342
34018
28105
12431
60359
72349
28623
96893
69437
54534
30940
34421
3913
76891
21654
88357
24468
76869
54985
30839
27770
14071
44908
1831
82227
82761
56618
17832
8654
26377
65085
55534
61244
81118
8399
90306
22241
35883
31052
67641
67168
19037
50554
2444
38171
27595
80096
47975
56983
79194
37640
75728
68989
54192
32897
62591
89683
92786
2670
48063
14170
6644
37412
86851
10036
23200
30123
76740
58328
20007
28625
63791
69010
32353
67875
96939
75188
43905
83647
38283
8403
24842
90755
15581
42305
19896
89832
53936
13770
22041
32024
51380
57234
20286
81381
53432
80653
32214
89350
17513
41524
93489
95024
3350
6631
84820
96158
64077
25947
40465
41622
92269
67974
40345
79586
60488
83504
48321
88208
66629
35923
3967
6966
25675
56824
57251
35701
78445
13892
24421
41225
51676
55201
80237
87418
5266
9850
28034
558
9395
71503
95308
66225
1992
51056
72446
61953
96867
16839
66283
80969
5464
42181
94678
82559
16286
65171
42804
11317
58836
21665
45222
37964
50996
92176
28124
45028
18791
83981
94125
42977
98860
57977
56290
58774
25099
9883
735
49010
24113
26859
74639
91258
28456
39069
88532
11074
99146
48154
28323
58239
94521
80809
29672
87566
99450
79233
53165
51896
85971
57669
60
47396
31654
48674
62426
66525
53379
68423
77404
29890
15210
80424
87863
15644
340
36526
86342
21200
48695
2751
65372
53553
34514
55644
30344
63916
65406
39091
63985
14926
97266
82925
71089
76617
18721
59540
61535
16249
80093
32631
41948
35743
10108
5504
71261
91708
25580
50416
59217
26984
50128
64458
77985
844
55954
21797
45267
3764
60875
11331
67192
65060
77227
2058
64934
15556
75629
82823
20312
24516
72652
94975
6943
68338
15773
19778
85492
93808
21264
1649
39558
63894
52167
28914
61837
30573
30716
74660
5557
23268
2974
55539
82708
22
59781
85841
93091
96918
15703
1414
4731
97924
40740
38176
22902
57071
72296
40278
42815
82648
92666
47256
88175
37293
97814
56001
61753
44829
22464
78725
71417
80816
32057
85956
2417
88566
39771
18293
45524
79542
6864
47976
85878
11029
69450
35925
37689
47651
60644
2001
62164
52869
37330
72862
83649
99254
79459
10652
24680
48166
67969
25342
80811
18005
87248
15143
47163
80773
60781
20998
64725
77204
19196
6822
90131
70634
86929
52992
19733
2150
68452
14051
73404
60533
47807
76973
76866
3166
70131
43242
36378
83295
67201
51712
52560
86574
56139
36078
43298
70368
59105
25859
53458
42360
13939
80590
30046
90729
39005
239
72637
21204
44492
50182
22422
2048
82976
31759
12889
69593
42035
29579
80641
96753
17307
79556
46694
85754
70031
69467
21570
90582
68320
4472
37951
24838
17980
41255
95377
33830
60597
55826
42871
17171
81610
12837
32567
41875
82261
42589
87527
52200
56946
90063
96645
23826
82401
22989
3237
30114
13293
94891
87949
24361
32315
33119
27254
35766
61846
38191
46889
82726
60943
42390
62941
99752
20082
84134
47974
20189
42263
83038
11048
24928
91631
98596
66083
37577
1680
86862
73281
89559
96664
52507
86654
34145
48661
13910
19886
42510
48028
74283
79474
58908
78187
98135
96665
23018
7597
21657
74449
35083
17122
60730
86284
40465
91265
92828
48083
70137
40086
61772
33487
16145
52126
91211
98844
41375
49042
20625
18701
62955
64731
19427
171
30523
26730
68106
6024
71518
59447
78401
51675
87029
80470
86713
75996
67688
81704
81723
93378
59267
30031
50389
57040
39059
67053
57750
45632
11711
82498
28423
92935
94851
41535
54138
96987
89164
97838
90001
64560
68521
89008
8742
40061
31526
74689
8338
84751
32496
66348
92706
27750
55804
92236
52673
10297
29156
69173
32478
70046
28791
57160
92175
27963
87114
93479
26044
33160
18736
13516
42583
34534
1054
92872
71027
18080
69291
58599
63138
62751
13765
36150
62694
24755
90508
46965
61542
68408
87145
14295
30705
56263
28000
17806
46443
86351
52754
81272
64277
21991
97202
75278
19403
89325
84651
18665
93764
32461
58626
516
33319
21116
27681
87750
40357
54443
9541
7997
67100
69043
55618
11968
81256
34319
83718
66747
61680
96491
47089
69726
84022
57722
42305
90958
25027
33813
69178
32375
99024
66986
82817
131
84006
52829
62782
25859
20185
94488
84044
58655
52120
83700
92800
82347
62850
83839
56366
85463
39545
69769
10655
16315
2606
15587
9537
82901
33655
8681
58747
55488
93672
43151
98173
11805
88621
32341
47552
83152
45878
76677
94286
15272
51049
81808
24958
51923
61748
12045
58184
729
71210
54804
61887
6193
51304
17387
43084
31207
38415
73058
90129
33167
25386
87359
79910
94464
70019
61449
21141
2680
14495
43662
69688
64914
72006
82515
7486
21244
94064
66922
49676
90895
36435
38136
80809
41670
86737
24479
44875
3637
32762
71071
85203
68990
66091
95802
61835
51080
83968
20667
47653
70701
95313
29492
49167
57721
88510
33591
18494
17331
5212
51587
24813
24519
1988
5332
63269
16733
67079
99647
30874
63163
95669
89834
87421
16877
72470
5494
87996
69424
34294
79309
68030
56864
18145
27583
77380
50046
80050
14389
92460
83748
66488
80686
22412
40307
36906
39181
53967
23493
97751
4039
19347
15006
49187
26965
63947
97454
57909
48972
52417
17665
56134
23501
4109
73646
60356
17777
97789
41924
71927
77744
83105
92375
17741
65593
22736
58725
95402
85360
25311
99099
29629
79763
6357
64691
51303
69050
95693
37505
49626
26075
83962
25790
89997
2903
36177
1200
67223
9743
5488
46997
66448
61963
99147
62102
71915
13877
95753
39401
62464
82104
52854
44195
35770
75612
42402
4024
14579
14229
69001
71556
39522
16651
90786
57425
94499
56726
29943
70458
4326
62348
90587
96576
84203
62465
10289
77040
20049
48665
51750
42503
10067
57379
35063
35864
83637
1522
54082
8002
7026
73958
67674
69793
25903
20725
9349
3177
92856
43971
61582
12814
39635
73602
56974
72150
68050
90535
23898
21378
43359
11653
92510
47711
34740
18592
78093
87541
46276
86065
24483
45589
88526
3623
64687
99598
17396
58466
95720
69464
4825
47315
76690
28926
51383
85053
88514
42423
72346
17855
15660
9331
2144
20887
10278
59630
52771
36248
45773
11276
31865
14394
43486
86629
39105
10901
15300
76421
66155
38818
86033
41425
30483
53538
2054
84407
33043
22807
57704
32268
61094
43706
3624
73342
57284
58300
41660
559
2973
64835
41419
83412
7107
82431
53662
89360
41409
59460
98847
74087
12532
49821
1315
63303
91105
40998
32960
83918
36407
34999
82174
26914
71144
48279
45845
94775
92721
12937
54272
61994
89027
29956
11114
6380
35956
91128
68044
86968
35326
73413
6130
78814
75409
71356
96721
12691
54245
53640
32270
43293
96895
88469
95117
40975
14854
96509
65485
58856
61290
36732
43401
35413
98117
86383
26050
48975
51594
14281
14396
1327
93610
65282
752
8476
74082
42790
20723
7858
85246
26974
57677
13204
34894
27009
47473
74204
27135
23600
34183
5342
16669
99147
55481
67244
52224
29040
2594
79586
42371
78067
40905
86960
27091
4229
29297
92585
66142
94109
61353
23629
85794
82088
33440
90319
78684
1115
43248
96399
8928
57590
79080
30406
77001
18434
88260
96694
28432
34508
72211
41637
49801
39589
34713
65922
11439
97205
35288
87404
45617
82693
71823
71913
86771
80194
87808
40046
38583
73076
43435
57960
88635
10780
76297
97953
40849
59536
10352
92070
75788
29047
26938
35077
96030
10272
76903
60589
64225
344
52380
25125
57288
30959
11951
82983
79188
45082
69834
47059
63955
38346
24635
93591
68946
70229
89513
58562
42100
20501
37002
2272
79324
23858
83820
49187
72162
63573
11585
10997
3584
94040
89958
57986
81846
7892
57036
97279
85070
59978
53346
94379
61871
69783
84774
1253
19650
61071
80717
68642
40737
1959
35349
91020
57369
99751
75771
90671
22537
26236
81694
44005
24847
72949
55052
59055
54065
59936
63678
24235
34033
4761
26705
95204
97427
76513
74245
88562
72795
54536
53465
30240
53515
53294
12797
93506
78742
43020
43021
46774
82548
82281
77981
17348
37716
87464
37235
73739
24723
43616
2050
84046
59829
61406
83363
10614
26855
91336
16527
95710
38679
12822
27537
40090
44273
69347
68433
51488
79944
46749
60846
53868
8594
94070
77699
3334
22113
74559
6837
81301
46092
30249
49920
9786
36524
19226
9743
48298
22124
13203
31755
69829
53164
49236
66950
83840
34126
77407
27015
74919
39019
88396
49549
29975
39182
10317
89373
39625
8263
67817
43313
66931
11068
68574
86977
64967
49451
4995
30440
70771
84531
51615
66623
24549
21011
82826
26285
99801
26835
66895
26021
66146
29014
29252
11140
7572
21828
19133
80293
31754
70663
13475
8774
85732
98353
12968
22546
22902
82328
99584
37905
2545
76952
83288
51799
19866
92986
86579
99771
3414
10738
96047
18899
43714
429
52650
43922
61027
85750
18634
93720
33980
16785
61296
31522
84832
98890
65652
6913
24593
26891
29373
84496
23920
60916
98028
94925
60086
14078
11475
21965
77261
52303
87516
43152
82749
21446
5320
11682
69052
12665
70603
92557
72238
48227
98261
73413
63262
97832
24639
18512
81692
85126
86768
31235
48921
58235
69779
36347
84888
76960
6431
76587
62878
67303
28156
93828
47891
41770
44336
27693
63957
82505
29668
81899
90108
44432
73100
28045
32263
22279
58880
42747
2756
14444
53828
29062
29455
76625
13291
51166
95706
46478
90616
30184
78149
35693
10483
38818
51420
3882
41535
26692
43556
81813
92640
58997
15369
45262
52004
49529
89278
85884
79541
37454
11737
69572
26007
35490
32935
87421
89281
29664
77065
75615
11854
91622
53708
48227
6303
45884
51058
26667
49684
63712
82581
16350
85508
17661
70037
15427
45732
61702
33207
99868
59366
36454
73008
73199
72006
51576
45632
72104
97419
47451
1112
78565
82851
16542
67842
60436
87834
71043
82162
7163
89685
93101
70336
35472
68433
72269
84283
31129
17581
47405
16444
63954
43357
32471
84508
46451
26375
83306
85298
68060
59353
89174
66938
17858
93976
62762
54604
94308
27075
61213
47934
43843
59554
56670
27783
51478
18138
96672
50972
96023
37531
14005
50736
83442
82174
38740
30629
73279
51224
13319
56344
54847
3365
19017
4444
21122
41336
77589
85389
96679
78250
94977
59587
70805
66014
44261
7501
13383
20250
31973
10415
56784
74413
19867
75781
35076
42
11435
72257
67720
63000
95444
45861
91744
35537
56409
8866
27304
33527
95322
44373
55142
54430
44237
30600
17644
59310
65209
69768
42594
85114
94559
83219
11486
44277
72801
52280
44930
96242
99741
81021
33780
46859
88452
41764
76632
4931
64239
72158
98537
15773
17797
96339
61337
47021
78267
67577
7163
32018
37356
3285
2751
40231
56168
360
20998
70405
12031
99564
43413
21210
6926
86086
33449
68086
95852
38884
21441
63332
58249
50304
46005
24749
19947
9182
25470
89603
24665
61833
54609
1525
80945
20507
76028
87720
27101
63888
34490
10354
45703
98079
93227
36738
99921
57886
75573
17082
40822
5260
61884
44463
7364
96942
89433
76283
73023
3763
25612
13296
15879
89180
12531
82890
10482
36756
22615
27517
96298
78983
29478
72616
63795
28072
67010
6059
9260
80904
72350
7881
67337
77664
50291
47991
65168
86892
44551
53503
74126
83879
4733
42545
10446
97448
70601
14018
60867
15711
93301
36631
16401
83351
77766
49190
2142
13836
82799
53466
65047
19406
89219
78091
92889
13141
92675
80138
42124
52559
95680
61085
26788
71033
63322
76905
85353
57444
34126
84074
40250
13866
9107
49406
12183
94731
48351
35453
31308
18073
58533
13507
48827
14734
21769
26412
55525
91366
28426
58553
57976
81397
23324
62534
39171
28093
81020
66947
83605
41105
72154
85031
28994
10091
75034
31986
32855
56849
32757
63896
53796
70936
92260
78154
53514
95845
72418
92393
43761
68631
45975
95602
12693
70905
79097
92561
95040
68502
33475
10311
93561
26971
53658
26048
11054
41542
66145
51772
74711
24153
99739
42328
99684
55580
97063
32994
222
59271
28389
56370
67212
89921
55270
68355
98444
74572
86732
45435
68027
48472
46557
69727
42927
38162
44381
21450
28812
35957
74651
92931
66491
91879
65701
16526
81016
58086
1015
74860
7670
10756
54185
94825
39434
48621
38328
12133
8077
34724
26858
93202
15927
40758
56523
7070
27813
84098
64518
52586
54839
30480
23249
62955
72205
43112
21158
60250
17205
91992
27300
36607
50430
30981
21740
90693
46208
49905
17074
12188
82637
12853
37745
20867
88891
97628
94713
39090
46029
20355
4744
87412
77234
66941
99263
31989
90090
14820
84197
33415
87993
35088
30901
78670
46027
86455
46650
54026
3269
52872
94148
83306
53278
91633
49690
56058
99167
69413
48282
53948
42872
42678
72857
54195
15131
14006
66043
80737
75143
13165
50567
81868
96321
9199
86257
99194
80556
53239
63321
56600
15363
65934
77468
25192
56490
89638
12499
89136
35575
92219
24821
825
67992
64210
81965
20268
31484
92310
69484
95985
4097
91484
19554
50137
60809
19698
82392
75404
87942
48831
52682
78280
42616
60821
43560
67537
25981
7435
58624
87122
9580
7672
29883
81534
12063
50792
86559
46949
17087
33187
97497
15945
49896
16833
35591
25466
3869
36685
28650
10321
87647
63431
47324
34967
98653
86514
25871
14014
74822
13103
81976
907
23803
32713
8415
55878
99753
55487
56419
46528
71044
43176
10976
80669
79959
24198
37311
78491
89011
75106
79814
30976
99723
26149
20749
99659
24070
51327
33920
98746
68538
48889
8564
35526
84648
24716
7472
9776
79504
7833
67795
84959
40837
14973
97713
58377
46845
30799
27381
64610
43001
92220
96423
35689
82081
61730
1577
16117
98401
97152
6574
27155
46337
19295
3660
65809
18631
17694
34151
2773
17789
79595
69910
12274
28963
82807
20247
26694
44870
52385
26898
75385
63906
1383
33444
75968
24463
1494
67321
38621
89562
32369
16373
58216
69832
31050
12038
68170
24969
26345
99728
28269
26250
77654
45860
69677
8887
37421
50146
30392
32910
45344
17018
34995
23410
19249
32008
82101
7404
36848
27438
51257
72607
48326
74905
71402
88539
70315
8242
10186
78801
54908
99822
72149
77960
85807
13513
57958
96713
34891
83362
27802
3529
17685
48285
61912
55231
9733
54369
35812
76678
11
66049
46264
48128
86695
80391
91642
78411
53047
33877
36081
36615
81524
58964
61692
30939
99109
64952
85250
33867
28699
63761
77426
76004
35041
43434
48270
27456
34459
44925
71241
45381
1012
48610
81445
3411
86823
16028
74447
82989
19542
64509
38950
15752
62871
23351
11785
30130
64109
11332
44022
48164
35305
46153
32169
58028
21620
89469
13884
34418
76887
92087
51407
29255
66440
78748
33780
60403
79296
86813
31548
75784
69735
78859
68009
3673
17871
6011
86113
85530
3586
25514
37169
98377
39685
18822
25711
43111
19585
6780
96626
59476
91686
9519
50475
65514
75138
67760
8669
34430
81829
97351
25701
9939
9131
1321
554
86257
92724
94756
73276
50633
76419
85394
3344
69061
50927
88326
7184
50046
94377
54350
50146
99418
11409
27453
53934
94738
18967
87531
93637
58780
33537
86392
72753
72572
91778
81988
59209
24980
61000
18653
16129
36860
21755
36567
14024
27191
22372
15286
22185
69158
57299
37916
72291
59824
49059
47913
42533
9081
23982
25227
11641
69606
87788
7902
80048
5047
37205
74752
38420
58640
41602
39641
75191
31867
50148
30557
45608
28013
15341
53398
88104
4365
37726
49662
43053
33698
17810
74342
32452
77679
54190
15480
35418
40344
9359
20834
61190
30478
21719
94050
8873
46487
39657
35109
21497
96808
85069
29399
30494
46133
13613
14699
44828
68236
97552
7155
66687
39124
48390
51821
75061
85093
10109
91672
83731
51776
35966
898
44867
95727
15163
56279
57997
3840
8789
20480
52726
55259
44325
34954
87442
56740
862
27038
28645
88731
59525
87335
76754
7105
87796
58810
88139
60111
84966
25701
8991
26105
58841
9731
69651
7703
41547
38330
5862
68454
20025
93694
65695
23953
9750
69661
26081
25240
92034
84264
92186
83958
1103
92167
34421
10513
8063
54988
63936
75828
92344
77942
12906
88030
16408
92398
2381
46236
77237
75610
27393
87524
87336
99231
49216
19990
61232
69164
60068
20398
39696
64967
87215
67541
8585
80239
99441
12247
59364
66343
57249
26354
88029
68113
44874
55353
26803
32847
37904
534
2695
1035
73614
89171
4384
61960
31722
80593
85867
67738
54717
35883
30275
57155
60604
69953
67272
75935
84892
98936
21633
6649
94128
59481
92764
8950
46795
82949
42194
44457
29061
78602
27518
80537
72606
72877
4267
76261
94045
6920
96581
55938
11813
7243
2144
96510
9851
61244
4776
82746
27900
93610
65644
39590
58822
94952
76091
77398
19260
47658
20575
36744
8749
33070
13008
35882
66827
61233
89360
7997
26652
67521
77703
4970
84749
84110
11239
74674
60752
68434
85499
34040
44309
14839
49746
31415
47357
21378
66162
36468
49370
74254
92228
74574
39421
46295
38600
43457
56197
1125
45331
18446
25141
97468
41761
63220
96784
34418
89623
85306
57364
62323
12950
76567
86178
22622
32485
6777
53386
94916
25824
65539
5962
73553
41334
17625
26569
97440
51287
68533
76181
85649
40293
86168
71360
63669
58327
31279
96383
34979
50366
78075
62797
15726
20263
8913
30359
47860
59021
46349
52822
43229
54242
81652
30851
57454
22686
95229
55049
95217
33597
31535
40444
63830
27116
53017
20880
63503
87153
99870
57271
29378
20990
12489
63858
1874
61651
44035
11467
30547
44520
89131
32977
99613
61078
98355
46816
8100
8135
32854
88262
90710
53490
82700
39375
16691
77928
66030
81340
3966
53941
98728
47289
63183
41789
97211
85623
97563
19387
76911
74848
22084
53136
75765
19976
20354
29112
3596
86929
57027
35831
93772
55323
83686
52195
47327
9358
38284
55813
6039
38058
93592
29486
37482
73025
71203
68653
59164
66660
33838
21558
16596
66509
33680
65724
11564
47569
65142
57209
42481
6162
65237
62261
58219
63613
31912
48339
11780
48466
69607
57262
93001
9576
93130
82272
71294
19126
35290
42790
66715
55359
57180
91026
22825
58161
26418
25730
17260
38626
65803
96907
47303
67918
44535
19524
7279
85830
31741
46857
36602
48197
96374
83374
99733
942
19906
15170
25164
14731
72208
50004
3186
27167
91992
40565
63288
96066
29096
64477
56344
41707
93819
70755
2087
24523
61956
60635
42050
33220
49833
3429
75945
24879
94673
69767
49847
47293
23186
23449
98387
33530
73140
65243
11300
80511
19721
92960
54445
94235
93106
5491
65844
58262
98558
14649
18261
74607
81612
54549
97067
90028
90406
8600
12852
44536
10402
59466
25493
9732
25004
66792
20666
31814
34473
82074
62955
6039
36475
21357
72733
77213
180
15067
88704
8244
55991
39685
83677
21726
97903
67989
77362
77896
67610
25153
70007
32321
48966
68342
44366
51922
20590
77766
41862
26925
27959
52233
22318
13145
32486
99399
51963
45151
85904
68752
80549
95086
31936
10630
30785
30351
17251
59969
98274
26574
88172
44476
99370
36000
87712
37162
27133
25591
75231
9065
65622
22734
81447
3295
42545
56565
99554
33346
10379
20446
88778
27974
31481
49660
85714
70823
21140
99139
94665
17334
66650
70681
15648
94622
55320
2668
81577
43264
51833
4719
78
91358
96634
70981
34713
82287
52389
27903
70025
58567
73483
58488
90102
77465
63396
74438
5553
70227
78464
84851
61625
86013
28212
25126
14007
45529
16376
94385
88453
93282
26249
28438
91915
12846
27797
73991
23523
28014
4583
37349
36534
31138
84930
83551
19204
20200
50520
70141
36997
86519
36709
50545
1967
6286
43450
79265
63994
53792
70506
47176
79998
99867
61061
85685
54222
61323
95927
24796
44701
61356
47727
48532
5494
24011
90758
59777
16978
22261
97679
23468
31566
15220
60247
5698
39607
69230
9196
97238
27792
20155
56329
92667
93254
53409
11622
82508
98258
1603
50313
30096
76183
63153
20151
89548
87187
15865
15266
23022
22871
3333
56989
31564
7582
10415
6813
26539
83557
3605
11034
14204
80284
1308
53054
88428
16916
17058
40903
10663
98601
6854
11904
97283
51015
76045
64340
33522
66669
9188
62547
64222
87952
4736
98127
61525
52267
36993
6915
38354
62820
5139
96329
49159
98220
12446
27487
75796
35830
55181
24087
40740
91708
77537
51151
86815
20454
64982
14260
64687
49059
10453
63026
21775
60449
18007
2037
66485
89860
67585
79688
99649
75058
39469
64040
60670
95987
5042
92635
99648
54016
60238
43060
57442
96366
34621
94119
7944
72928
18727
61535
12180
43169
85574
53654
74673
3919
31093
68751
66066
12135
40722
26127
58584
22892
18954
30336
62246
74976
34333
30488
34719
24780
32418
30798
78980
13884
44283
19756
83312
61976
96232
43797
88202
58035
95109
10193
13778
29432
52834
69482
93870
32377
71711
61690
87741
29095
31661
49112
8929
38646
98468
15282
86887
40348
84342
6010
60619
75596
97201
39392
31084
36366
80451
5400
37257
94637
74808
50116
13951
15184
67965
10530
16961
83741
44924
77688
2706
68279
60252
98017
81623
16995
19454
37609
30935
67048
95674
87558
33104
52204
7591
93570
1297
89646
50667
1227
64598
90487
66743
26844
12527
19509
10182
38765
72925
24325
34284
99661
35836
81521
81337
20329
88200
40925
18750
71172
42308
8450
86475
97573
49455
9802
48441
67530
97233
39724
9439
17544
91888
3809
77486
56620
16879
60567
32441
30926
84839
26806
38613
52550
85515
22157
14363
69042
44063
14460
70862
1743
88651
21831
25766
60105
68957
53100
85163
37981
98353
74693
78791
4758
49715
46456
67849
80759
95319
84659
4059
21196
33972
78983
3712
9362
57773
78903
7356
44674
47654
41948
33501
87097
76964
3163
8030
75436
63664
66430
10513
63301
12636
16271
84712
98186
7615
62211
70254
23299
44739
37986
93088
83506
58260
79431
79980
55031
69479
70151
82949
96494
61777
70448
26824
99876
5294
89060
3960
83820
34877
47277
8077
73425
62751
7345
82237
7709
97929
80859
7063
70079
18962
40688
71595
50277
95714
85506
60280
50805
92674
28400
23773
25709
71251
74114
96479
58568
77355
17624
33646
82915
71545
21065
88538
95003
31382
78052
4316
24764
31304
99712
22493
86321
13738
45544
74547
97632
17814
33611
41819
32814
92152
92956
33401
45553
32472
19380
30392
85295
29310
69931
46966
95001
85871
75727
34565
58659
83618
58166
24427
28414
20966
53538
15169
88443
54670
24779
67287
55794
10130
75082
56775
84962
73927
46084
18473
76601
32361
48999
85290
31720
90571
90638
85595
20441
88431
93018
30223
85004
77163
25557
55233
33646
9693
86896
72120
40295
28452
2986
89510
87548
80471
94693
93167
22018
89586
80944
36551
96944
4829
4388
22933
84499
93034
87947
72797
49183
41663
79434
28143
20086
43264
44824
33815
52661
56671
86120
69839
31892
5205
4051
18611
24812
52830
2737
55494
4271
86147
45182
99057
64372
30369
18503
39780
36893
9810
58209
28406
98821
44820
93512
67946
83984
378
3855
53662
22463
14922
23511
75409
43107
41561
38119
71195
53980
86495
63187
69945
48939
42010
9387
20707
39994
40188
96720
63345
6592
95433
13921
41425
71178
10588
95960
59000
51373
12548
10004
37356
74278
27601
4609
32796
36530
5592
2351
8754
62398
50742
20510
88957
56018
62268
29904
54455
98040
58323
82184
80885
76099
51306
52396
25024
66886
1681
28293
67986
67971
57839
25492
36758
81685
22569
87593
44492
8506
16329
57494
3003
6752
79265
85789
91420
45986
35923
31314
24208
8229
68490
47174
24487
50049
11024
10423
2059
73221
34148
92567
98103
89471
70286
40384
85101
20794
95014
56485
99918
18528
95757
49417
49013
86031
84722
45237
38020
73585
91321
1327
66492
56556
5002
75971
48064
28478
28903
82448
71593
13640
43182
67465
83922
88899
32548
3236
84691
31367
2309
39758
23902
93431
42861
12245
93083
27715
894
12250
78782
22352
8697
56170
81728
36666
55438
82757
24584
36667
95030
54981
28135
6429
16295
17377
68156
94995
41220
3978
90482
33291
45586
17354
3531
95415
65636
69820
89107
37932
47266
28304
20131
6599
80391
11355
26129
44386
72710
28212
8155
6216
3422
16258
24422
61566
76305
14955
42257
59693
94982
64597
46747
76945
48180
5528
14186
41039
37455
82663
99812
39071
60740
14466
49339
50733
88160
38182
28299
6719
10568
67251
47277
18781
24103
23084
91714
57449
60501
9330
49392
11948
24294
35989
26203
16629
67690
40672
63726
64781
5060
24128
84960
24470
10102
28940
60351
22713
16730
14158
40248
33283
72942
25039
87319
2015
50402
26517
40670
32964
44910
13928
74637
37189
77552
23061
7985
49543
33622
33216
58108
83601
623
62068
146
45133
49371
75934
72186
35255
19772
23450
24666
38423
8486
73939
64496
1748
27884
77811
25450
62878
16516
96516
22687
56652
1264
55574
77279
41766
695
78324
73872
94437
86292
50820
39418
63217
61317
50195
81389
48742
72898
26034
53115
32642
20240
93465
99349
62421
20055
59632
92179
66053
72133
79358
54113
21421
6271
74979
87524
97707
36208
99293
14170
76497
81945
80900
82796
67786
61198
10401
82463
32469
71561
18428
93492
36947
16348
71868
91056
8941
31812
89883
57308
33484
72069
11110
35660
4228
42273
44504
36383
9093
69454
26017
49139
80839
52882
50385
94162
44582
44278
20152
3486
8511
29913
19321
97626
55536
59208
45122
87808
84604
26954
25030
59184
47211
26972
61203
53056
79309
7294
16244
18667
76374
36045
46241
48280
70456
97966
7793
11490
79058
42369
38859
14952
48520
60511
14875
28851
26992
75224
53267
82492
30198
93760
85904
64224
12463
61068
54668
43811
59203
67057
51246
26933
86108
64858
13979
63127
81530
62802
52066
14367
80116
4523
18749
34581
65800
6989
16537
4900
45291
51980
16226
10038
59597
74593
99072
80842
20782
47438
6400
1673
49346
63884
78919
79499
96959
26885
10949
4913
46247
64471
10592
5755
69089
17651
78933
26876
33255
40865
71771
37335
37133
49624
47452
5785
48966
8710
56696
72062
29474
64717
16772
26139
44807
21730
9705
58049
35141
99708
4766
5915
92696
78294
83983
46009
68961
48425
27517
86392
57552
41838
33848
49864
38254
38041
22496
57580
61856
29449
74940
16805
94159
51319
47512
92350
43465
79549
1961
46272
64263
11800
34596
96474
37969
69930
97853
48092
85231
18567
67299
7640
32514
75082
68109
72243
63364
35518
12682
22609
66345
98002
10349
42105
83715
49500
51402
49254
21666
59253
18139
29387
77330
66349
53668
35718
15450
52407
82356
4521
47846
46563
60298
75537
47764
53655
34476
55734
14149
53305
58685
68426
6057
32996
5145
66576
73259
81503
36824
33631
90793
46292
30850
15618
41884
73269
60713
72452
82692
9240
41939
56333
62133
37415
65597
61455
76296
45048
93355
18243
70474
22744
26063
12136
8294
62878
80383
96736
73125
32779
83389
79460
36071
34305
57881
6668
29826
29670
17409
52446
45675
94652
39338
23889
63232
38849
63422
41629
44533
27288
27428
56924
37181
37023
60590
94849
7868
7826
16542
77723
60183
47287
50073
39706
97312
56758
56520
8611
12854
41626
59708
21057
31132
49380
4612
55140
48260
63751
21060
44311
44122
24315
82733
15471
14343
79004
53400
86905
63801
29595
1698
29128
67974
48622
36233
11225
40053
63732
51383
39077
7981
68846
81005
97901
19310
43168
77860
92840
36579
83063
18425
9919
57496
93361
31005
43527
17558
62412
85954
90936
99780
89853
58205
14989
5586
39686
56092
67807
95103
47123
81123
13434
12523
57361
21988
68769
49895
82792
90695
62979
1046
78174
10587
76565
90576
23553
75793
27654
80140
9865
63362
76032
66180
46403
41434
45612
69819
52134
79405
27426
8713
74498
26359
82321
80870
94536
19700
99250
89172
31568
61572
60356
46822
35882
91715
74366
69217
52776
79175
12474
41332
12747
65941
77792
86577
28487
18523
50212
33665
14585
83642
78971
73898
77921
8424
93988
33867
35570
50482
91058
99510
88124
98605
84249
65089
73132
44814
66008
63115
4746
73854
66325
45689
14262
13018
19121
58036
36952
58287
33306
13234
16535
30877
47343
39795
22110
3470
4124
68958
82272
20672
93033
42857
79826
74793
85879
10895
97785
42903
10074
32457
30630
36572
914
72368
4270
40940
26612
69307
770
22061
24312
36441
89009
32838
14910
8770
6123
43136
67324
5934
16883
32937
45657
61436
54886
56187
45735
3070
43465
36217
98709
59027
55932
32277
21075
24420
17308
39190
84420
10940
67289
46268
52661
20268
36295
4207
22356
7911
15576
81701
35188
56524
12635
18479
43169
87989
72860
56888
72539
58485
88113
18665
49612
52094
32194
76410
63411
30198
47067
85306
84818
95023
23063
67517
48268
18356
70263
88506
46738
15361
8619
88699
26641
64115
89247
3807
21522
72529
70600
46662
34583
21440
17232
44800
91398
56675
49673
77720
93775
80616
95577
27189
23953
18436
55602
38462
43681
6699
34798
49399
76295
70032
78007
28741
94250
21606
26707
28013
8270
11790
71386
78261
84358
59846
81180
88593
6927
52545
36339
76639
24097
64812
24684
62901
56953
69957
42715
25004
69532
36562
57171
69759
82441
87839
53351
58613
44749
94156
85498
41010
6366
60428
71917
8598
60131
53887
85359
89178
25621
7692
53314
65471
16687
9821
7305
87716
12026
20023
8271
50081
22398
57270
58298
24916
68704
22540
84611
36662
5167
46450
40288
74739
70194
31986
31854
58799
32477
33994
20543
94878
55045
85647
54026
55957
77203
6193
44547
55156
39276
51309
1818
74700
16006
39344
22289
94572
93886
55779
8775
23648
42282
34503
21770
18711
67764
83976
13940
87901
31118
3369
21321
26302
30843
11389
9897
94017
41823
17103
39954
75915
99502
13029
67314
78130
35415
53174
54801
60346
2674
94749
60798
55668
13991
3349
59097
66942
17898
42940
34448
59209
77804
34661
92988
7877
57057
25431
92046
41113
38290
934
91187
85072
80372
73707
2720
89643
76397
53876
54339
31849
31058
97795
81650
21215
73834
28244
55424
7021
62344
20617
37956
56288
83062
23685
90443
73721
60736
81520
60786
64390
81162
30187
25472
4775
34763
94821
11702
19872
80977
51991
37931
82304
68455
20958
86605
31688
36274
17426
6174
28920
88497
6420
93151
9597
18926
62001
89770
87517
97850
49292
31763
78821
47115
51749
42368
48815
32752
81409
58943
56749
7163
64874
52586
85721
70436
64132
33312
38715
73070
37036
13818
84389
31712
6923
12641
53324
14653
90764
51872
59976
20135
44020
67532
8959
91142
39890
92812
79141
38425
45551
73793
82774
41013
75183
23294
22337
75702
99201
85722
98362
52211
2172
2349
64811
11107
91515
53330
21158
4831
62905
89850
25364
24084
4113
75841
2705
37792
7933
47
7493
64386
28637
3620
42534
16137
45492
68757
55792
36349
56782
95112
98657
91961
89259
6393
21534
85868
61185
65472
25106
79029
52890
38671
72653
14294
37547
41843
77763
71461
61081
25320
34521
63173
7963
22261
22948
45668
23460
43677
31796
46862
70045
89225
99241
34450
75118
98243
87500
68988
69218
1911
35700
16234
45149
8630
97401
71842
53694
94461
75338
49173
52067
36892
11705
52326
43764
38357
89684
11823
4761
35556
56762
65044
26582
89048
57996
39026
78408
14765
55736
16372
58426
60768
20890
99765
27873
61912
25042
25982
1326
47513
12329
15253
78325
34801
77591
37402
8134
23528
14232
55000
49052
78859
65966
88810
1172
54036
88019
77641
26386
84954
53060
92999
64034
41528
25389
66602
73138
20848
20171
74456
74182
41876
54145
85565
2612
43464
63919
38719
62129
22790
86974
58730
29482
30908
76084
33892
3434
51519
53375
74840
28553
696
8900
68575
89080
51899
30638
73509
41695
82078
73798
58639
50381
73149
37100
34141
82310
60004
18772
9162
87678
60918
78749
28972
54292
79561
86015
13978
48789
76761
95867
70828
51892
70006
45657
15430
7061
5798
17319
95553
415
98159
7927
96398
57448
30627
53408
4097
90160
71550
8754
43052
36333
76611
78010
87212
97628
43703
99436
80269
58869
95706
1887
78866
31122
35247
32870
94206
96300
4075
98112
54663
52941
24651
94735
92150
31665
1839
32056
93310
14352
62913
26288
57731
25113
44858
55522
29
9583
48587
90009
31697
91476
8596
28305
88099
97105
21367
37081
73430
71862
24278
91858
15252
94081
54885
45792
43691
64827
86109
7524
94567
31813
72242
73593
10679
59079
74524
98726
85990
63126
99337
1120
94070
79025
39858
54501
51478
59665
50023
63893
1928
38441
53435
41848
64177
78914
1982
48607
48352
4833
98106
79666
53400
6388
75477
59881
65005
73439
41358
41666
30250
31743
26738
2080
45323
84642
64583
49195
13776
25796
10286
6331
23284
39987
80341
88062
53892
30782
4811
94614
24856
95412
78330
54479
48191
9490
82285
2161
9723
1240
83500
28040
49711
37628
89802
17832
68569
10029
96611
24112
57695
78115
49219
60032
47924
87951
43218
93684
70966
98757
82193
66429
65420
85349
85351
76116
81267
31036
1686
68015
25756
22699
4608
12354
84265
49920
53626
63072
93311
28617
32341
52706
60783
70862
87581
59240
74019
34769
25389
24835
57172
19122
12052
17213
74056
94326
20253
99721
65694
12012
37644
79480
24019
40157
80281
19937
19911
19298
90309
93350
80215
28624
90898
46695
82989
44307
85083
14291
39226
65297
81222
20224
33711
82193
77959
19094
66361
37484
96358
83338
41619
35528
42490
2231
48016
67218
10103
76667
35471
25179
13148
1609
55187
60262
61225
99529
87634
73675
92090
44539
10103
95829
59596
31769
77459
33742
38065
20013
26674
5126
64434
62866
50861
56538
96018
43650
69799
11120
70068
39002
8449
59111
36470
13182
4780
83264
28780
55603
14231
24149
56642
94941
34739
26742
44029
91823
65852
10952
9718
2480
36300
94772
25054
57809
12048
25730
56250
86406
64099
35515
94388
9297
69272
18381
12099
56839
31898
70734
25645
48465
87242
19395
81874
45622
59565
25341
11633
57633
88190
22310
56168
90198
80597
450
82516
72462
12809
82523
19361
45084
41568
71869
99722
53324
38017
71998
16710
21181
43182
83704
18301
57052
1173
23792
81074
67428
87884
1294
47861
40563
27548
30648
43326
43989
25600
88380
73735
9886
30145
638
93024
26129
73973
59737
5647
4235
47799
55255
57714
80720
51016
51912
99226
6989
62032
37485
67535
35457
6836
87541
67715
14439
14519
42931
81133
92760
41447
84899
64877
84008
5116
80901
88055
7798
12778
3136
23978
18363
3940
77167
39215
50146
50985
75133
73519
75792
91397
39762
42102
27504
29442
23619
22822
41271
95163
1124
20761
52695
93867
10109
84977
2609
56853
73246
36732
82232
82465
60594
11075
2932
54555
58538
38468
57478
77512
31442
66127
11693
16117
24085
91765
4982
92971
96184
28558
14631
18610
41771
4457
66498
62410
87245
33874
37944
21277
21011
85854
90422
2852
77525
21057
72337
37109
32463
38536
32043
43767
52351
44114
33368
63985
62440
73885
87377
52694
14175
66517
30797
72401
4842
65259
34060
4121
14291
11131
28882
55360
49866
24142
81986
92794
77128
91783
53107
24361
92944
24600
27577
67153
11118
75960
99646
4976
77061
94670
84590
29315
92505
77656
64027
33189
2802
875
69838
16599
65509
6374
78702
71936
53332
84514
76189
41040
79254
10804
35046
14842
23807
58986
25184
48888
38397
91101
28090
92448
84768
46031
30860
38077
84707
83102
79203
62876
95746
91417
43927
58172
14303
4523
31671
96313
23024
93147
26467
96871
63218
88559
87022
66095
92951
7465
51169
19249
73129
61058
40688
8365
70615
62291
88711
24030
52279
93624
91336
63853
5544
91024
95807
73257
97903
20158
73107
30953
81299
81199
13891
68042
57481
32160
409
57736
91030
79007
64202
90069
60468
44885
87383
19387
92775
3113
21235
50062
10367
40370
14066
75648
19814
98450
17819
14654
48179
39482
72760
4698
27929
88663
48942
67251
51449
660
99111
60194
94419
39512
52600
30615
28111
76356
2255
85739
40467
45575
23879
2341
93965
17831
95158
7329
2630
96624
53688
98635
50978
98803
79660
82639
86338
5172
29499
72168
74758
29229
79343
55446
26806
57619
12346
39947
29431
68010
7557
48778
40691
58910
19926
2485
48249
6957
99126
62090
42957
47217
29295
48884
50487
69060
54350
63056
38950
96486
92015
26826
22897
29117
25539
55065
85251
47214
83805
38678
28062
71624
22156
162
86081
56088
74925
47878
18059
90775
28782
38600
80788
88510
28896
90386
6893
5709
9950
97494
40443
24100
97895
96339
4159
67349
80577
8432
20972
15718
45927
27469
83576
65631
32050
15717
71977
20312
96972
45572
21796
61481
92181
98979
54943
47291
53162
43396
82760
93034
76102
87344
73702
45470
56514
20193
31872
77305
64153
82900
13247
13785
1530
51412
3731
12183
66159
71683
10019
67459
8208
71382
19330
46976
88151
99807
2451
94400
79923
60774
15261
98436
97783
10674
49293
48839
5779
48995
37357
42988
36900
89624
7995
96872
4871
35614
86125
39237
83454
43018
9647
9563
82422
68498
40507
6878
54756
48841
24439
2473
96396
44981
56176
72482
1032
56270
53003
88650
26192
1492
37503
49247
33019
7166
35432
43588
91696
42048
71614
76697
54369
77039
85152
87668
63027
53171
75718
51805
52353
60582
12058
88420
3159
39284
850
13792
94619
3925
8163
3496
80253
75763
12941
56788
65492
10859
51540
76015
31014
27753
57035
97098
21719
7871
25782
54145
92349
95389
67059
78234
15603
54288
572
35438
81308
73333
5147
5058
68380
71777
16959
98892
51842
60371
87802
5552
33993
96906
86604
90404
3125
14903
43798
52208
59791
11376
46603
46111
93786
28759
89981
12110
54155
37458
40839
69368
21414
8619
60910
66152
48627
65383
14482
98839
14424
63802
4197
5727
93417
30866
49022
30459
1215
13761
7536
50657
64721
12141
53186
36032
11123
86013
86543
53680
49884
62483
71755
22722
29497
32675
54267
56393
25894
36956
8524
84662
39066
21021
47582
5517
45045
5759
65800
92058
47252
6146
46108
33279
43282
71715
42754
96067
58643
42933
49220
46554
57087
16993
83063
69908
70713
59481
38462
75222
15151
4085
26712
2144
34180
78532
17970
46865
23469
90586
58709
59091
78263
63181
24753
51009
34928
70917
54924
37180
2056
4703
73943
56677
37557
5071
68645
21072
83708
99653
87929
97464
84372
85026
28850
11561
91063
77084
69434
47267
70711
3284
8140
24581
11349
84622
70435
7956
51974
7674
33034
83996
83338
93399
50943
10655
44669
60726
29640
42840
88450
22237
42758
48376
11734
25417
47510
2965
50080
76022
92597
12587
40364
896
71555
62692
77957
80045
2803
36434
5995
19501
45679
5470
33950
42844
90480
96494
97955
15057
74939
20818
9876
92784
40038
34544
34589
89369
82125
11530
55510
32791
48848
85252
43740
99391
40310
30595
28257
57635
77687
46
98776
61012
19632
35291
70362
85561
74965
76403
62172
43761
29140
11125
73593
52447
98346
20478
95570
60385
4582
79931
40677
18000
44847
63334
45577
58674
77331
40636
81793
27409
2509
94357
20701
18805
54177
65098
19908
31912
79143
34131
73016
46145
2632
21576
73219
33593
46270
98759
91269
44273
58358
73359
10976
56357
17668
92393
92384
4668
41347
6334
78527
11064
86901
2196
5819
83550
72689
48450
68369
96226
11212
20356
51945
25859
49695
61229
57779
45438
13149
42454
29004
29855
33405
79401
72131
10614
84490
26534
24913
73178
21491
99182
52941
21945
15604
97035
31381
6405
39277
30011
88607
10142
78219
63934
47369
84937
54015
78790
9293
78233
75599
80991
62403
39476
43987
49913
94647
26462
10059
70867
87991
62261
6149
987
23495
95932
43065
77752
13980
33884
29826
28731
31018
62781
5607
88787
9580
66101
23383
79678
76283
94980
22661
38879
11086
69526
64163
48149
39279
28383
63529
49386
49217
15023
12371
75737
3530
76153
29323
80591
402
76926
44109
85286
46701
85383
66983
60398
27103
40970
74116
67874
85601
16597
5125
13113
1392
47331
8473
1252
13556
68878
91024
21159
93408
10053
49237
90976
63810
41874
90873
20073
22548
11808
43661
16588
98654
75462
67722
8101
87794
43626
42711
74187
67217
75675
86674
89323
19682
13710
87654
6955
86717
94527
10917
19867
82003
65315
91660
71738
32287
75156
47915
35096
24923
97157
77992
85648
31730
97906
90866
47663
80688
3529
34466
31831
57570
49409
19928
48453
39798
80730
15947
948
63885
17267
76546
91541
89712
8341
28182
22205
17784
66411
53014
41669
58165
99630
34178
39521
63014
28069
21182
37377
54733
39138
79025
35978
9876
77918
39431
54390
70346
37034
8758
67843
91441
83838
14382
15925
40300
48033
13624
34202
79861
62998
31055
6143
57495
40757
73201
23445
87342
70878
96339
57239
37386
1990
86365
62800
78976
84695
30648
6278
40629
77190
60566
43046
40075
47674
7936
16811
41716
299
58385
71305
73549
61484
28787
71771
90522
83183
31818
92859
84229
90641
90362
97251
69921
92183
66569
99180
58741
86070
67533
92807
67443
78434
36797
95446
63603
86408
8510
50132
28120
37482
92951
91869
39618
86319
43225
58536
64616
45943
66586
45841
19527
75549
95728
38627
1600
55671
88303
54301
82266
44644
89255
81050
67487
94431
26336
83901
27338
83060
38764
71853
57668
28746
8905
66555
31370
78809
73404
6882
10599
92489
65088
14361
47208
41356
91797
31241
98726
73605
41245
86696
67253
11429
77755
24502
82865
28530
87845
25426
73382
20178
8356
97023
46375
23746
37492
66422
76430
9164
20724
56897
31267
57234
90859
6742
35314
6566
51262
98248
65863
36666
58464
57557
77408
1356
23216
34122
94058
14021
38499
81681
3653
58768
77282
5296
69937
96778
95645
58515
71960
84206
29873
74666
97475
55128
28295
51681
98165
23275
99716
22481
21327
63340
7123
69050
63967
16598
31822
27818
24711
80846
15188
42577
53467
3511
35754
88428
65182
8886
65804
74943
74320
75605
51819
76452
96887
60551
14284
27462
64601
93498
21349
10397
60529
14139
46996
31357
90989
48451
68009
10498
5646
2863
15665
63742
41607
64186
5337
31296
24592
47575
96818
17916
14120
77724
20916
54704
44704
75215
21472
62093
87979
6602
47064
85491
15074
22362
29580
46042
57756
48457
45486
58678
1527
71346
27671
44769
2073
4670
98654
73183
97488
37206
83778
89054
98891
53122
33041
3988
41876
85204
26109
20385
68507
54971
40180
89652
94929
81724
6382
73038
70259
29452
13620
34610
27414
75037
41999
58866
39822
24406
9178
7658
78905
6353
82231
73858
9326
42400
84105
56016
24037
20904
94202
43041
42965
97200
82593
1531
89452
5407
15076
46288
87451
78947
15414
1663
45311
58851
79232
45631
66245
777
35145
50283
45925
21935
46091
60282
72066
43883
37858
60195
22983
37476
33114
24543
63560
25128
38302
36725
20835
19010
9102
28627
35446
40234
10143
14246
15620
60727
2322
79736
31230
65767
93651
61118
37847
27867
55215
57317
16375
33400
51213
69840
39594
65041
55138
11319
68031
6850
99802
933
65304
42558
82910
26124
21392
23902
44625
19469
78597
1365
34494
69613
11309
30126
3383
76115
85373
70318
50121
99911
73894
35005
84865
62915
435
18648
97205
50670
16471
75608
44034
51926
35144
32630
97821
55519
57489
76279
35778
43266
10171
63769
20855
76679
46568
24125
51777
50025
6518
64611
9967
75756
72706
13796
11012
37171
72148
50312
31076
77775
60774
39457
91773
7703
486
63844
22838
60554
13014
65670
31092
46915
4577
18705
79140
69812
14456
86513
99636
80785
30637
86390
66939
38345
51640
62660
43343
83703
74377
42126
55036
2155
34556
18076
81489
26197
33713
44213
40141
77490
36965
8999
16577
63344
71638
62464
40606
17658
32361
40924
55323
46199
61546
57805
4832
21194
4402
77498
44849
80839
33979
81920
81645
89857
60668
57461
46389
10716
10562
3669
6694
62808
44195
19586
36517
79983
58770
61047
10792
23946
44213
51629
16431
37660
90917
92244
69868
90849
74324
27682
19682
58317
91239
74592
54274
7805
81254
57041
13636
18354
47619
55006
98376
84695
83125
16716
49891
21428
84846
6888
59424
80391
79481
91746
68563
86893
40200
78824
58316
17420
68020
48666
15784
7113
50973
29010
29955
7508
47009
20977
17194
94203
76677
76608
97661
62861
22894
87181
14454
64730
70462
51524
60801
58794
26580
90962
96634
67778
21063
28514
47927
24317
6158
36382
78130
43984
87045
4575
66275
42649
97015
72487
55971
33252
60244
19595
34934
83270
44269
61739
29541
61165
30545
26960
66045
34074
93508
1720
9561
4846
73370
70818
47606
18581
9716
6282
54346
75189
44536
87764
79742
72808
46275
69181
99504
85169
81020
41681
61872
59021
44402
33589
87043
25204
29405
62402
36429
40518
61713
97283
79097
38194
26754
3522
73804
83300
48004
21074
26597
33826
51775
27480
20232
9676
58774
87859
31892
36376
5148
83510
49131
21612
19351
52155
33150
27490
45873
64092
62486
88071
18038
69233
58830
73516
70389
53320
79906
95723
99147
29304
47222
66465
52170
37556
597
25735
15571
84257
42273
10057
79567
73953
13084
92393
32644
63627
80590
28921
21164
98216
72179
67452
80705
86016
37434
55306
12605
16969
90446
54717
22945
40645
1980
87652
5037
86740
95096
82606
45864
41149
89991
56802
20071
38129
17967
87589
81927
13155
38706
10004
62608
62248
2835
32870
3111
48374
26967
91222
49332
39865
74691
2198
39583
94121
74838
70968
53167
63981
84404
12263
14704
51821
46710
26273
45563
67175
77838
82000
85998
34287
13900
80833
6788
64530
17111
69291
70680
21679
95202
85365
97788
59048
5878
21434
80092
58308
35424
23437
78907
88003
26719
96672
98274
89260
43197
90668
17013
47618
14882
70974
8934
1332
5650
61232
12477
49691
61846
92105
64616
92656
77657
13032
98290
83416
17142
61492
4130
10623
54485
86417
93814
44269
99706
19776
64072
78534
65376
46836
50269
85489
6058
67086
6416
4676
69515
71634
98499
60585
82070
6791
31308
25975
67825
22965
7554
17403
56150
66271
75268
46562
56533
64327
65881
52438
51476
7247
32289
98842
91963
16698
82816
72666
36838
53109
46530
47205
43010
96412
80240
18739
32253
33541
93846
18775
79222
36999
32122
45201
2194
63030
57672
79383
10882
27981
22151
82698
19249
46191
98828
70596
42058
50486
26634
65381
27023
52534
10890
48009
98777
51971
40170
77017
62318
80812
51807
273
27545
66184
12698
99013
99617
22668
83617
26895
75401
67903
41065
85719
63334
50110
86134
86296
91945
1762
63360
88750
84139
25036
32804
36990
68118
71904
54713
27324
56784
96664
86025
84588
55447
15015
93427
73486
76118
1358
59024
55757
95388
57361
94364
57256
48573
59220
20241
17850
9833
91062
81457
60801
12026
25644
62908
69074
28302
93561
31586
79560
99210
15242
9856
85515
33837
49629
46605
36809
76331
81749
73844
72201
96478
25534
8235
31456
12385
39901
40536
38687
93349
88385
97582
52483
89314
3675
45028
2654
25259
58012
83250
21446
46757
81398
81543
32044
121
35684
1794
55209
88026
67179
86171
29597
81987
63536
91869
18588
75938
51167
39769
27470
94770
20476
79098
10533
79469
21542
57412
68718
9819
23882
15260
3472
80407
53526
51872
8293
52035
40696
56523
63140
43925
4614
82466
52384
90058
57880
79689
80812
33662
10673
68863
45099
18253
93035
57003
44230
94974
92542
72021
79561
71567
74556
22906
39357
17781
60593
64632
70141
33557
28239
10374
57776
60152
8974
19647
55436
58700
53499
92268
45866
22675
69405
58935
92198
52037
498
30308
47467
19515
61170
69953
17390
9601
46974
22269
77984
53585
83044
12160
54638
45325
11956
61538
11668
90361
66899
66946
7308
4306
10313
323
22201
11364
71963
23355
42820
61772
37939
26856
8330
6604
36432
11560
32834
28027
70337
61996
32447
6849
39699
11982
62460
31172
91923
80901
68436
30302
34620
34463
25170
83319
45412
68556
46795
74145
50322
60543
96928
14561
23853
64742
63396
68018
44991
50676
86905
76535
80199
25992
28746
43053
62235
49813
74416
93296
3812
77931
27085
77259
31514
56220
50985
92221
49303
47192
13956
41417
24226
24737
44730
36892
23778
68280
30077
64101
34640
89206
98853
69110
10590
5556
40619
80506
22845
23978
84182
82785
94054
88943
53496
9422
66260
59910
12783
25230
83398
4239
4013
68104
17213
56082
37292
21106
74451
38576
83701
36313
84631
8551
89952
83118
78071
74783
76839
1689
75111
27872
56053
56144
82320
42613
5209
74193
72544
74897
28570
87090
60338
19045
71151
76996
69862
7832
92897
48865
86562
40174
80250
78067
52326
83819
98533
24810
12752
53238
30759
97850
24801
95757
17790
59966
60410
41866
31355
36953
81147
65255
65692
9423
71635
4663
55876
83123
93110
26434
17607
25346
8884
4321
85675
19193
43727
67038
86557
19535
19191
34892
57460
31379
21394
51108
44830
1390
84862
9015
76448
40456
64149
43583
64579
67204
16954
33320
55135
54240
88753
96736
58605
62872
71628
67093
82345
20464
84161
86779
95166
12640
50816
87841
49798
39832
37478
51574
83418
46305
80805
87973
7732
11153
98281
76742
80627
92009
4370
32364
91228
32939
25359
5848
52830
60039
79474
67544
86830
83204
51144
82119
61852
2867
54837
18640
71468
61403
28277
38537
5915
11168
11423
43256
83480
99969
43920
85398
31310
68178
56210
11266
67803
69614
20691
64572
83910
91681
62491
51911
10323
84645
74486
43715
9325
44296
36934
30630
60863
90499
93334
61539
74045
34957
11995
81874
18613
77158
38831
71110
673
79520
16548
27643
43135
96793
94577
25534
35022
29203
72844
46552
11194
93270
24952
5636
43531
87699
31876
42482
87554
25545
83807
87781
8258
27473
79535
85543
43563
98
77587
22977
9850
93922
58986
10066
1581
8324
59844
54521
99984
24927
39463
93724
98812
41216
61988
18920
96859
81770
87702
95947
22424
10849
73281
36612
13146
14087
27889
64587
66364
36255
28600
79762
83659
29371
99827
30296
28113
46740
99331
73637
54228
44299
83195
88006
61216
36146
68706
75530
9070
33125
41365
7133
94800
90242
8685
40005
2105
54407
47694
58507
37109
55150
90791
16790
46313
59999
72678
32289
76849
56327
5703
3817
11421
37672
94586
88400
32567
59745
21781
19317
6874
7488
54370
16834
17196
42881
96911
75910
50005
75024
29648
28234
98884
52377
72249
55240
2746
41029
49629
56146
48847
4485
60517
20161
43364
34191
32572
29190
68232
92083
4248
90463
12320
72570
98465
11075
65200
75158
75301
32801
42543
70367
26531
82790
44608
90113
36906
15378
80812
84397
62033
3106
2128
30583
93416
60180
22051
64970
48361
36342
10034
46358
10135
56098
22932
11732
10391
5108
9483
17691
92632
80201
93676
36187
52368
13165
99395
17516
46554
50730
72046
29693
96496
63822
75788
30223
421
91841
35845
81474
97749
2977
1980
93065
13755
50472
88119
6550
26630
98038
57902
78022
85143
66387
46813
79313
28116
29740
67902
79997
18289
11427
48653
36432
96376
49017
14118
61265
13594
54948
22544
55989
99456
65063
7772
28590
10743
80725
52092
49196
14410
99863
27643
26280
80647
18265
82404
85196
1830
25813
44116
31524
80272
19984
39930
49981
76216
63132
83071
32335
37348
6520
30570
83261
77579
19033
50092
94626
23684
81428
48257
50348
15167
68601
87137
54699
76497
92989
50027
29186
91033
26507
72813
95340
23249
38384
38549
55287
95722
5896
962
2392
51014
90591
4385
4965
62008
1559
20375
22156
16431
35806
13478
13250
60056
90519
47274
52193
40259
85437
34269
37420
40819
81596
14826
23909
58435
55082
63209
70950
31442
3955
60419
39504
86576
30650
84238
66320
79844
81015
96656
12835
5260
43541
66843
76211
10918
35491
53860
86665
64997
44945
29738
37525
1294
25831
52674
55275
51859
26186
76074
34427
18814
28013
18630
44608
23662
90446
65780
57414
38298
54961
66215
49115
36512
13774
38655
28357
9776
22226
57956
92295
96192
95768
20811
55813
30574
20289
92370
81211
17217
42487
2856
75301
33249
29716
3622
5381
69991
4403
26061
44879
9411
73130
72574
89532
3449
4552
40109
31788
80435
48737
73845
13604
35424
38112
54386
54769
7809
89185
24848
2175
18872
10437
5090
33379
96320
35029
9947
98505
255
64799
24633
49440
74332
74937
83697
52845
19661
75767
18971
64526
65581
96928
30820
70752
94095
52149
96294
63665
67451
59761
89025
46544
28437
28287
15264
52646
16316
58465
48565
5916
35022
73143
55431
67247
92811
26820
19877
85021
46177
44600
50880
50781
26178
83393
78126
19152
15437
66400
56051
51325
43648
7467
8341
98147
81857
84420
20106
18224
87387
14961
52919
21101
22782
2222
51449
93387
90570
76219
38398
75910
96189
35703
32886
77759
6587
69122
56597
35664
43992
96787
82312
41693
2400
47566
67192
16255
46396
25780
35281
62570
84978
19554
9038
23492
48738
18852
13523
44975
40474
14441
26442
61744
25631
85121
45717
39494
69567
90733
11171
79759
66210
42513
15551
14146
28094
77006
79561
14762
53674
16195
30231
66988
83277
20395
19761
96390
16089
69824
59969
70839
77430
33320
44142
97435
87043
5091
10063
33631
49491
95319
62462
83851
19954
47153
19394
2524
274
81271
4673
60680
84965
38930
70122
2605
42743
43445
75245
71981
53177
98516
89403
57468
78121
5765
54052
54702
31449
76168
37179
41480
1001
91955
31837
17528
23236
1486
99342
70905
15584
86699
63067
84907
75220
41769
24354
88603
35805
46603
8911
3105
70138
80554
1627
82086
18190
84624
2634
95362
41343
27404
74792
2231
58039
97907
32043
40762
75006
20187
85943
95783
85378
6698
72198
8794
81923
84913
39729
60283
40196
6392
85325
67006
84759
41535
11343
26509
26020
72528
76132
43682
21631
67895
79010
78055
39261
93918
99448
30458
79540
6562
36865
33769
29872
24155
10752
2137
19766
34428
40169
43589
31653
93196
79306
35136
12177
18478
74856
65613
9302
41842
55233
68037
2919
66773
31831
35982
94347
90923
74196
404
36972
87989
40657
26766
44273
38145
3778
61463
8023
43925
82278
50181
57919
64182
98585
86446
69625
7924
63431
9106
94136
3558
33787
58990
58196
49878
20140
87281
77165
11988
12230
41328
52908
29789
31022
52262
38322
50929
26819
79240
65188
28006
19464
25880
79733
99557
59095
61605
36733
53693
30211
3623
16192
85108
21927
85920
35066
39547
81454
63518
11738
28280
97745
77662
3207
15590
42839
11783
7844
20526
83524
70904
11184
7564
86312
9257
64835
32279
7447
35559
15875
36363
92145
58793
8336
51236
47739
6721
51615
71399
75805
28338
67405
46417
65214
8489
45313
5340
79543
19963
12201
88404
85011
83391
44393
63487
6304
11095
54776
11771
15137
35788
82683
92481
34629
60609
85961
84359
54594
89653
93350
57832
54014
76575
83819
43020
76706
90211
84048
84412
40704
54961
20213
48630
69101
28861
8054
3106
52818
56840
63759
55111
76904
53454
84320
71366
80149
94089
36754
4517
8732
19096
97827
78854
27937
26467
69724
97429
6324
34703
52057
12548
38043
50540
2290
4651
51493
40121
45809
63398
73598
68644
40765
31642
87191
26391
60044
28135
24493
86248
26265
38377
99317
93242
91150
22846
28006
70117
82108
19208
77304
66444
35788
68003
75954
70008
83287
75237
95363
96585
19084
20977
4053
33923
17017
63444
77194
68157
55105
25800
69029
3352
88027
78009
1084
54994
80556
84660
64810
11305
38795
30720
97156
3292
26496
44318
53842
69142
82348
26357
33595
99978
34025
50834
9755
95646
19411
15606
21736
40708
1793
57936
62571
36091
96675
95893
78321
41430
42652
79930
38283
16572
8283
1535
68980
25090
90984
22298
63317
59455
53692
96111
77246
38342
95151
54043
1063
72496
89782
81291
3557
87189
41085
64818
21433
62232
24769
52316
52214
49041
89693
29326
74296
1274
87523
28790
44342
29411
78557
59565
93021
49898
53154
27150
76479
66148
35243
40799
45204
16179
39350
47246
57808
48602
57821
49807
3758
22895
52692
40936
64594
53725
5173
55580
84964
5670
82054
26987
57482
50925
64918
89488
79334
97350
6888
90528
80890
39606
84205
42007
30950
79915
75230
32339
9833
53482
84982
79435
61913
10799
18745
23502
30200
11959
21187
49312
77225
93756
56951
99978
65706
2205
88830
82045
86542
53215
36348
67335
89883
69971
25831
59350
88942
71801
92762
7555
57859
93808
33910
77406
28732
30053
42371
75464
6766
38559
26297
90920
55759
85039
49705
82039
72378
92014
63716
38888
48821
63407
9005
16639
37268
14455
16868
89499
91011
2206
47859
22080
115
92579
69519
33862
38408
94046
98129
50439
54265
50986
40081
51941
48984
27333
64587
44144
1747
99179
14095
82032
59692
26362
10565
79462
73690
68788
80072
22001
8735
86367
33974
36474
82559
37395
65549
99226
32108
9612
85823
55103
70800
60120
91754
65067
59006
77846
44075
59096
23173
27640
92560
65331
53902
81942
54026
68288
85024
75803
88863
15790
65353
58786
77493
56798
5937
30221
31998
41232
92549
12997
52771
72627
28091
50136
99078
80286
5744
71763
53388
28270
69166
63274
32711
99444
27803
69424
98359
5017
69910
14221
66941
2760
27920
66345
70126
38514
25042
13954
52569
69093
86174
57455
93381
84213
56916
29556
87919
78570
60810
43904
61271
4026
22149
10772
1386
95276
95061
25745
31140
88079
92928
49389
58770
11448
63837
98379
8502
88102
75014
18974
49519
9310
20031
31901
12296
46758
83181
3865
89449
52673
55351
14870
77245
69781
77426
15868
58592
7114
47870
37164
29591
12347
1617
8505
40223
94430
35947
58668
93285
41766
67029
12712
99312
26782
39322
86847
57114
61238
67246
64520
36992
43470
55285
32301
28471
62344
24739
49950
64232
48655
85973
68740
