3000
276
2408
1728
1066
2540
1870
2722
172
3618
2024
4236
4888
1384
4748
926
714
2094
4892
4916
202
692
4798
1610
4578
1338
2142
1034
4440
3702
816
3580
4842
2860
3540
2928
722
2216
4806
4594
3354
1100
4406
3520
1852
2406
1846
4246
4922
2136
2590
3536
3920
4364
4528
2292
1654
3626
4674
2396
26
3504
4484
1778
2236
3982
3800
3446
434
908
3104
2900
4180
1944
4848
4452
4254
3760
1456
3908
2466
3884
618
3494
3322
2720
100
3614
1324
286
766
392
1002
246
200
1672
1190
2728
4598
1750
1144
3244
4248
1074
4646
1716
1330
572
2306
3702
2950
460
4518
3172
4596
4872
2980
218
252
298
3740
4686
3642
1276
1308
268
2454
4372
2430
278
1938
3552
2044
2544
1364
3144
3282
1798
3570
4976
3332
1926
2688
3362
1010
582
4574
980
3030
4290
100
980
2106
406
4790
224
1568
2304
632
1678
3672
3188
1046
2414
1484
1818
2472
2508
3228
1026
632
3192
3528
262
2796
450
732
4090
1918
3924
2442
2918
3948
2884
4776
3382
2236
1750
1664
3664
2870
200
4212
3840
1342
78
3930
2020
2890
426
2478
1128
4972
468
1840
3014
1884
3942
1484
1160
3306
2910
874
4628
830
3220
88
254
844
2328
3034
4510
542
2306
3284
1290
2610
3810
1152
128
438
2948
4174
116
1360
834
1436
868
2218
338
194
338
4738
4506
3798
1794
4986
182
1894
3928
1248
4712
1188
2886
4836
250
4548
4592
1062
3264
3268
798
4614
706
3698
4830
3830
1310
1158
4758
2994
1956
1508
1308
1410
3072
542
4642
4152
4386
4686
1228
1608
1068
156
3806
1316
3588
2848
2052
560
484
3604
2476
4730
4574
4020
2702
3846
1508
4104
764
3640
3908
996
3830
3286
1218
3482
4334
1782
3384
2610
4092
594
3130
3888
4878
810
3112
2892
206
4832
2564
1086
4892
134
902
4052
4632
1516
1828
4332
3644
550
990
3482
3504
1364
4578
1150
2858
3682
686
3532
2066
4602
3346
3232
3014
3268
182
2358
4554
2832
3522
4880
822
4958
2824
2724
3278
3138
486
3444
2332
4308
4484
4124
2820
1420
996
192
394
2204
4268
526
1394
1372
736
2732
388
110
434
4278
934
2986
4256
3246
3996
2478
436
2760
4128
2624
2942
3778
1408
286
792
142
3012
912
4734
4742
578
2268
1470
682
1928
4634
1402
1212
1246
4786
4200
1688
2602
4660
1702
1040
2788
1858
3560
4254
1356
3674
968
4936
4102
2790
4694
3286
3152
3494
1780
3652
2256
552
1736
406
888
4912
1832
4562
3986
4046
2270
2218
2586
1604
4354
738
844
878
822
714
2026
2308
4040
3482
2340
2834
4372
4460
436
1730
1666
2306
4314
616
2402
1328
942
3688
3604
744
4814
4258
862
1332
3620
3554
2380
2110
3840
982
654
728
1760
116
1834
3582
3878
4156
4716
2158
2056
1796
4446
2496
1708
3756
4890
3144
4720
600
226
320
2864
2734
568
726
1740
2580
302
3846
1434
632
3630
512
2232
1904
2330
1886
4482
4514
698
3466
4588
2376
4660
1838
4216
3672
166
4880
1966
830
302
4672
3054
306
2446
416
984
3944
1702
992
3522
2026
4906
2974
4402
2830
812
92
4476
1072
1468
2674
648
4292
3094
2152
10
580
4434
572
2844
3270
2650
1720
3718
2096
1576
3560
88
1572
4346
1776
2416
4876
3018
2590
4112
1220
2858
2086
3124
1858
4490
3008
3970
352
2886
1056
1962
832
770
4984
258
3048
2244
2804
4422
1882
3490
4728
2660
780
256
1822
486
3710
2422
2600
1766
2542
3184
180
690
968
1250
2808
4498
3980
1978
4048
2016
4850
1572
3966
4224
4748
3494
2774
3548
3826
3274
4458
892
1722
2148
4040
880
2016
4358
3396
4766
1068
2956
1590
3314
4098
2444
2412
2408
4380
4788
2204
3278
1242
2948
1440
2720
962
400
2862
1620
1830
4382
4610
1728
2944
4994
4218
2838
4272
3072
424
3456
4840
4876
1102
4360
2598
3864
4068
6
2012
2380
3596
2418
4608
4996
1200
1850
180
4236
4974
324
3976
4766
3690
1534
3836
3806
2170
1894
1980
4418
3316
3040
4808
3822
914
1064
1004
4974
694
260
358
3130
4762
1606
4686
2018
2348
4890
2998
2896
322
78
3994
2184
4988
1372
1666
4104
1092
3608
1484
690
1402
4780
3014
1680
2296
4434
3838
1602
2170
1042
1162
1802
4200
824
136
4478
4044
692
1806
1220
3370
1754
2294
1906
3374
1476
3354
884
2800
2486
4106
2472
2264
2398
872
1264
4038
902
2882
1314
2250
3220
2116
4954
374
2968
1724
3448
3904
4874
4046
2778
948
3716
626
4282
116
2202
4696
4364
1170
3888
1304
1674
3608
1274
3298
4168
1514
1240
4184
2346
1886
928
4676
1770
4330
776
2154
2368
1902
1044
3492
1400
2312
1696
2550
1680
2074
4174
2658
744
3614
1234
3642
4738
856
3318
870
3118
3264
3572
3510
212
896
998
3690
1352
2056
120
180
4564
2850
1524
3262
4642
4620
2570
1634
506
612
4522
3262
452
3912
880
4610
4768
4906
3856
2062
980
4480
1996
1474
1800
2194
2756
1716
2288
2154
396
3096
128
3434
2144
716
2016
4484
2366
3676
1668
206
4116
1276
250
2612
3236
230
1558
4066
668
816
2524
1852
370
486
1698
54
1678
2744
2864
2058
2384
1022
1456
2656
3796
410
2364
3328
696
3410
1100
2884
110
4100
3146
3978
2840
1346
4210
1052
2804
3300
2780
2936
458
2776
3012
3564
4136
4440
3010
2540
354
964
2512
538
4202
4652
2444
2460
992
428
4276
1088
3508
2242
414
4112
662
2276
720
1338
80
3416
1238
2834
1444
1840
2796
1592
3396
3306
1334
4998
3896
4066
4564
3480
3384
3728
4920
598
3256
4920
4008
1682
1010
3118
1212
4638
4760
4092
1912
1876
4076
2274
342
3394
1570
1006
3550
1022
330
1120
782
1938
4004
1794
2662
1640
1042
2202
604
2260
1746
3534
324
4380
3208
2882
4938
84
4638
4376
4450
1080
3642
3374
4974
3540
4330
3112
4626
1902
1188
1028
3378
2784
4454
1108
2068
4304
2968
1600
2840
2400
166
3980
688
3148
2266
3092
4498
4734
1762
1794
3714
2394
426
4290
2262
1004
2498
408
3698
4784
2754
3580
130
1792
1944
1138
2996
750
1820
3788
874
2824
4722
4062
4126
4460
3340
4514
1866
532
612
1434
2680
2964
1088
602
2746
3014
4352
3652
3016
2500
3866
444
4498
3894
4920
2048
420
3522
1844
2208
3776
2990
296
2588
2606
1166
582
1306
3256
4538
846
1078
3844
2954
4578
1170
4790
2302
4678
1230
904
4012
64
4062
1164
3048
3404
1860
216
3008
4896
898
536
1386
1108
1296
1574
2890
3562
928
1096
3570
3788
8
2968
112
4254
1456
4654
542
4640
1576
1496
434
2254
4108
1042
950
4520
1042
4656
3878
3834
168
694
276
1786
3152
3984
1808
4636
4164
2570
2426
3402
3190
1870
3944
3458
4006
4660
3168
4768
4440
2456
488
526
4366
1238
4756
2030
2548
3656
1610
730
3342
4684
4466
762
4272
3896
2942
3872
4502
868
4376
806
1876
1356
698
1076
4162
1970
1192
2668
2024
4708
3534
1262
1428
1214
4470
3972
2312
260
3950
2666
1570
2390
2788
2616
4468
456
4940
2054
4248
1788
4344
204
3538
2820
3186
3770
1224
1682
616
2950
778
1950
160
2462
128
622
1916
3556
4574
2338
2090
1734
474
3512
14
600
4534
3294
638
4004
4088
826
60
3540
2062
3630
1756
1434
1514
824
4280
1084
100
372
3874
556
4778
2106
3758
4450
848
3346
4594
4512
1092
3514
970
2212
2360
4304
2354
4914
4344
1996
774
1962
2978
1970
3302
650
4958
2758
4662
534
1012
4818
1868
4148
888
1160
2846
740
828
3520
1534
418
460
2274
3682
2612
4830
4216
3876
1492
2562
1816
684
2486
4026
1886
3610
3400
2548
4608
3718
1378
3942
4142
2500
2130
764
580
2502
3362
2318
3022
74
2046
1346
2034
492
1888
2634
4960
4664
3956
2146
936
1396
2736
486
2178
3222
4602
218
1428
3000
1688
4804
4950
1254
2
692
2990
3130
1382
1316
1658
2264
4314
4948
4896
2668
4754
3064
3822
1390
1148
2730
3782
4548
3366
2780
2048
570
4090
3126
918
2970
4528
4536
2776
1962
4612
3662
4786
746
434
3666
170
3818
4798
3244
1534
1652
1898
4620
2020
4218
3994
3298
3248
56
3100
520
4786
616
1578
3680
1986
4712
1710
220
1046
3510
2078
2286
504
438
812
2588
3838
4536
2400
560
4114
1656
4358
4340
3100
1418
578
4454
2702
2386
1946
2490
3562
4172
1002
3738
4016
2712
1930
1340
1008
1574
612
706
3492
92
1726
3374
2736
4856
4416
2190
610
2668
2462
624
1244
4714
1976
4704
3480
2086
3364
850
3808
582
1548
1060
3534
4498
3910
2834
2904
2296
1136
2152
3754
1178
4708
3420
4348
1894
4628
1182
3122
3830
2230
1124
2198
1536
4762
4848
1766
3572
3786
3976
4748
1688
4166
488
4704
776
2292
1764
4798
3516
1572
3834
4952
2462
2374
2310
4590
2606
3748
2188
1328
238
3034
2064
1192
3958
4590
2834
3340
2960
2876
4424
3164
178
3132
1706
4272
4126
1296
2094
4966
1920
48
3572
3370
536
1026
4704
1118
684
2136
602
4460
4952
212
1538
2460
3648
1020
1744
2310
1778
1062
2152
4068
2332
518
858
3082
2424
936
310
3878
1352
3060
944
4652
4196
1486
1686
2342
4638
1302
4820
2970
3734
3808
18
3864
2890
3986
208
1294
1568
4610
1118
2276
2386
1596
1324
3622
2524
902
4430
3500
3824
2348
3308
2622
4204
1094
366
534
1622
4782
3986
1590
1886
4356
4620
776
514
2700
216
2356
4388
2076
2608
2276
4264
1404
2660
3646
2666
3630
4434
3492
3316
434
1316
174
4896
1754
500
3246
1052
3148
464
728
468
1724
4538
26
3140
4202
2144
4520
796
2484
26
3540
1512
786
1818
1768
414
144
3308
2626
1432
512
4222
2094
3664
3092
3162
4724
3036
3942
1370
2488
1844
4544
4482
6
3120
3118
3892
3532
3380
2804
3600
1572
3244
2472
2826
3984
848
2170
600
1554
3042
3014
3132
2846
4846
3922
4718
1380
2732
404
1450
3892
2672
1154
4522
3738
3978
3096
2438
2094
3780
3720
3362
2794
2784
3086
4768
4212
1538
736
4562
1356
1000
4000
3568
1330
1174
976
642
80
534
1710
3320
1076
610
2152
3610
3838
3210
3412
382
402
1044
1480
4130
3984
3650
4914
2020
4280
1792
3874
1596
2802
4644
3304
1422
4826
164
1438
3520
2392
4916
4058
1564
282
3026
176
3230
2094
2966
4326
1976
1582
3420
2226
2514
228
2592
4726
4938
518
506
396
1938
726
1408
972
2320
3178
1370
2986
1148
3376
3168
2670
3118
468
4160
710
2888
2606
1976
10
278
4126
848
1382
3830
1708
3542
3212
1060
1006
2534
292
3598
3868
56
4242
1464
2832
2020
220
4468
1620
814
2946
106
640
2410
4128
4276
4568
3126
3560
1276
2900
4368
3104
3448
3404
4256
1996
1578
450
1864
1496
2680
1636
4936
416
790
1564
912
4130
2646
4394
1924
352
598
378
2838
3138
2474
4418
4922
958
1186
754
2036
2304
922
1364
1140
1576
2612
4628
3264
2708
4662
428
2172
790
2622
1832
1660
348
198
3842
3138
3922
1382
3734
584
4144
4314
2502
4874
2968
1430
234
4716
2086
3498
3858
2974
1804
1900
4172
3062
4620
3638
3250
1816
388
2420
3704
1022
3562
160
4696
528
652
2250
3656
2124
2096
1922
1426
2458
500
4674
4492
2908
3796
3812
594
1390
1824
2114
812
484
4468
2164
1860
3890
1300
116
1954
384
2480
4280
1582
3570
2610
4394
508
3118
2696
432
3408
2386
4890
3660
3032
1586
1548
1726
2934
1452
524
3950
2902
126
1470
1516
4382
1798
3098
2826
3400
2186
1550
3546
920
1352
512
1748
738
1414
1430
1442
686
3194
1254
2666
4354
876
1548
1766
910
1910
1550
908
4930
698
4836
242
496
1232
1870
976
4600
3466
1462
2762
792
838
3428
1620
1492
2080
686
4524
1612
492
3898
1156
420
4738
3190
2776
4448
3884
4454
36
4730
1770
3434
2920
4142
1090
1582
1574
2062
2134
2062
1888
3160
3608
2658
2
4330
4506
878
1664
1000
3288
2534
3788
4014
2746
4934
112
1050
3068
3112
54
2386
3106
1366
2290
744
2812
2314
2390
4382
3392
4584
1420
4928
1910
3700
2240
2184
4330
4252
872
4056
1510
3404
1968
3424
3636
2616
2046
1766
4368
3934
2762
4650
1780
4932
4038
2470
4714
892
1284
1472
1274
2866
1768
4086
4088
2022
4184
2986
3558
398
4578
1106
4414
2708
4114
4882
1314
448
102
4432
3956
3046
1318
4522
4490
2510
1354
4276
2130
2860
4478
3134
3328
4572
4390
3134
2634
952
1566
722
706
4678
4444
4074
782
44
4068
4410
4252
4776
3372
4016
274
4266
444
3104
1182
1824
2448
1670
12
2032
1386
140
2588
2052
3724
1370
4522
948
492
4692
4826
2738
2924
2428
3478
4944
1486
3348
1808
3706
3728
4798
3498
4092
568
3208
906
1640
350
2266
2570
2706
4612
4704
3762
3890
2376
274
1802
38
4476
4928
1000
1062
4542
652
2970
356
2584
3488
1720
2162
3264
1528
1228
4040
430
16
1988
66
3996
4296
1360
1006
562
866
4102
1730
3796
1260
24
3972
1474
366
3372
1380
3670
1900
4570
2020
3944
4032
1182
1820
2094
2884
4484
2716
3024
1862
822
3218
3928
90
908
4610
188
1814
3326
646
4538
344
50
4606
3246
2548
4296
1328
4654
2402
3374
3214
4744
3678
2112
652
3650
2658
3624
538
2190
686
3878
3806
642
320
1910
3204
222
1054
1648
4992
1314
4798
2502
3672
2428
432
1520
152
2326
328
1456
604
2900
2462
470
2108
2092
2918
3142
1042
3966
3594
644
1792
1596
692
222
3942
4156
1058
2666
2962
4982
412
2022
3006
2774
1728
1958
438
4440
3140
4920
906
2508
1194
2678
4402
4604
1752
4122
2170
4260
3176
2298
3998
2878
524
1092
2140
2390
3304
2042
330
374
3174
2810
634
1868
3978
462
3936
1082
148
4232
4246
1794
1344
284
2960
684
3794
378
4882
352
3630
4510
3266
4148
512
2866
172
3874
1380
3856
3948
2322
1420
926
632
1196
1086
2288
2046
4126
1410
2670
948
876
1104
3690
458
386
2462
962
4234
4458
2142
1222
1404
2078
394
2866
3122
174
438
3384
2052
3360
3882
342
1892
1666
3146
4278
3970
3120
1978
1762
4676
2888
2000
3248
564
4892
3032
1764
684
1344
2416
1804
4478
2246
4004
1832
4518
868
1082
96
4738
1124
1100
2354
1418
2660
1166
2584
966
1614
1400
3132
3650
4242
2774
3856
64
1316
4586
3988
854
4948
3440
3602
3144
2150
454
32
2940
1094
1644
3108
814
1802
2836
108
3588
3588
3006
806
3960
2438
3922
3576
4352
3062
3146
406
4968
4060
4698
3756
4948
3546
2738
2916
4064
852
2434
4474
4912
1758
1060
3120
2320
468
1676
390
930
622
1692
486
4940
4674
1484
496
2272
4282
3090
3070
996
3230
674
4738
3352
904
4590
1198
804
2790
3054
3030
1596
2824
1722
3762
2942
3858
3812
3452
112
3838
2312
3818
1468
22
624
4612
2790
1714
4820
4606
1146
2032
3280
2834
4518
1226
4980
3346
1146
1332
2070
3892
2064
3418
220
3788
3134
336
1230
3612
3176
1958
1816
4624
2998
970
1692
1794
552
2060
18
1162
1336
1382
1396
4958
174
3116
2998
3844
556
166
3258
4048
2452
4452
1644
2476
3462
3034
2334
348
4012
1282
3372
402
3224
2688
2406
1432
2074
2596
4922
1862
4524
3588
2750
4920
762
4988
2752
3942
4584
1322
1482
342
354
3798
3564
1362
3034
3706
2224
1076
4936
4440
1312
2796
3732
1324
3666
2496
894
3184
4802
4786
1194
2150
3050
4832
1204
3466
1660
4938
4522
3686
1132
3530
1726
2462
3436
2634
1448
62
3042
888
1334
1484
146
1188
1640
1708
178
3992
4780
90
1652
4668
3096
1662
574
4638
2542
3132
3900
3116
2440
664
1496
920
1864
400
4716
4058
860
3468
762
1642
3830
1728
2992
4890
2860
3626
322
3208
2356
4844
642
1836
2106
3570
4208
344
4202
1278
4036
3760
2690
16
4140
2906
2620
4364
2324
3716
1680
1458
162
706
2168
1672
3396
660
916
3412
3676
2170
4768
2948
696
4980
4498
794
4098
2222
3874
4884
3516
1056
2134
3774
3784
2994
3238
1956
2386
3850
4428
1756
908
812
1530
3610
1744
3236
2782
2272
4084
1044
160
1356
1164
4052
4202
3962
3750
1530
4360
3866
3186
2688
610
3874
102
3264
1384
3188
2684
4216
4700
1432
666
1892
2524
4198
3426
2022
2726
4212
870
278
2158
2080
1334
1302
3804
1586
2100
3914
832
4536
1286
3470
3324
344
1262
4722
3074
690
850
3738
3942
214
604
224
3654
4580
2076
1192
530
3580
896
1122
854
2380
3682
4390
2926
2444
2084
34
4904
3882
3420
4980
3252
762
1518
4978
290
1894
746
1826
380
2616
1836
630
1812
1452
4714
1424
4372
946
3126
4414
3824
3376
3536
2058
3040
1964
3574
2188
1660
4500
966
1838
2820
3084
4190
2254
862
2816
228
1210
1928
4274
2580
4940
3090
1532
4784
4556
3094
226
3618
876
3638
3376
2682
3612
1110
2378
3492
3292
1412
4176
356
320
4138
1018
4448
528
3556
4500
3454
3378
1034
1498
2918
1790
