990
206 727
626 1099
791 823
804 1054
541 655
784 969
641 1014
1105 1130
779 863
628 1073
814 1199
348 659
756 1078
620 1262
1157 1218
609 1233
361 669
709 853
578 1093
616 727
143 786
912 1290
583 1137
894 1042
449 846
32 1069
482 1294
99 1127
465 1203
531 1091
145 1257
1132 1248
887 1170
389 1015
1011 1046
614 844
292 797
863 913
142 972
845 948
646 655
102 976
642 1257
282 1223
170 692
50 895
943 950
25 1054
635 767
695 1207
105 1284
892 1211
815 858
172 675
701 1013
927 1219
352 1110
42 1170
835 976
1209 1296
701 918
705 1008
359 1297
742 753
671 808
577 1074
491 689
11 1041
473 855
332 757
545 1269
338 1162
524 856
450 1203
599 1002
494 975
616 737
689 922
251 858
790 1166
1038 1220
870 1116
855 1135
856 1203
287 1296
814 973
685 937
441 1234
346 1276
631 634
163 760
426 880
405 898
694 1126
44 717
232 1206
16 950
842 1195
781 806
969 1114
17 1208
13 968
649 837
923 934
1026 1084
80 637
943 1269
253 1109
467 719
377 624
889 1243
1248 1295
897 1272
707 857
852 1132
132 1166
860 1158
729 1181
234 1118
341 832
632 950
392 1094
600 1014
678 934
783 996
650 903
694 1263
100 727
909 1236
860 1011
886 903
677 972
700 978
565 681
645 785
1044 1168
1099 1279
688 821
814 1001
1140 1294
653 1125
961 1095
492 950
454 1172
1108 1131
219 1236
643 1234
396 1083
86 1025
353 1232
566 1149
962 1179
60 1288
326 1085
795 818
161 1163
964 1257
36 849
604 1036
34 742
718 1074
370 1048
470 1133
1023 1070
440 963
704 1047
614 1075
894 1242
678 713
1004 1093
200 940
419 857
607 901
726 1139
260 723
1125 1223
591 1191
117 1108
41 873
735 1067
131 1234
124 1296
804 1072
485 928
515 1297
30 884
530 788
637 963
700 1137
691 1113
62 937
725 906
955 1134
707 883
186 963
1108 1213
723 797
801 836
842 1152
418 1099
306 1111
835 1035
6 855
384 979
676 810
112 982
847 1018
748 1100
277 1257
362 1129
173 831
37 1215
828 883
463 1167
816 940
864 1273
1200 1234
296 1295
948 1227
663 1190
1006 1200
322 640
243 804
122 886
597 894
432 1173
938 1197
235 1297
680 789
1087 1290
522 961
563 1246
834 1295
884 1041
619 1157
658 795
29 939
273 1121
744 1062
784 926
789 1088
65 1173
263 920
162 778
472 966
294 1170
603 915
1116 1233
495 947
101 925
45 943
140 1132
991 1208
843 1157
722 1110
767 798
831 1229
674 1202
1127 1243
33 778
1155 1279
576 1093
181 868
226 983
520 1058
308 964
1038 1297
959 1226
1257 1289
859 1170
1142 1152
584 833
210 767
94 791
681 981
878 1299
366 1173
477 767
672 799
1146 1244
898 927
525 1258
79 1246
1010 1023
115 802
55 756
38 1292
136 1257
286 801
479 991
68 660
765 1119
391 649
480 718
588 1003
1057 1262
848 986
800 976
276 1191
212 723
732 974
989 1213
311 1086
851 1209
808 1239
840 1261
629 733
931 984
630 881
238 784
912 965
21 1237
612 1191
975 1059
811 1026
199 1237
129 985
340 968
213 935
703 757
561 1294
977 1015
455 1121
528 1170
622 1199
1098 1197
183 832
711 777
5 1241
765 1282
335 679
192 765
245 656
696 788
602 1247
82 919
1232 1235
732 752
1067 1213
755 814
594 801
879 969
787 863
718 1207
139 1014
1187 1257
157 664
1169 1187
51 1143
1076 1230
931 1092
862 1115
1136 1195
1172 1295
64 677
574 1104
1175 1273
177 1164
119 1199
534 790
810 864
393 1229
274 975
792 832
667 816
149 1228
839 856
761 1236
826 881
509 1279
193 1105
581 1069
858 1070
1100 1268
1115 1227
31 1112
146 1230
820 1005
750 1179
932 1223
1079 1122
871 1259
977 1237
453 720
762 1085
895 999
364 915
75 832
20 820
941 990
855 1054
92 1029
484 1090
427 1073
633 788
865 1165
570 839
643 965
606 1165
188 1175
83 1248
501 1175
490 1167
236 1056
421 714
628 1010
621 899
388 665
585 609
8 722
567 757
786 1182
806 932
856 1193
608 1045
451 900
762 1241
66 601
617 1095
244 1271
618 886
1038 1128
1074 1194
625 972
742 1144
111 609
766 948
720 1086
981 1280
510 708
930 1060
447 856
774 976
708 1012
246 635
1017 1152
571 635
358 1098
922 998
613 853
621 955
134 639
1014 1244
782 1036
686 1195
684 1142
1048 1153
783 1231
500 853
254 1285
1236 1258
914 925
204 865
271 1100
551 1223
269 1042
518 874
773 887
630 1292
930 1275
600 754
459 1279
688 1104
832 1082
894 911
569 1040
623 1291
174 1292
382 1168
379 894
1021 1147
975 1252
415 1146
345 956
670 708
103 919
438 971
656 1236
556 637
46 879
718 1187
118 820
864 1127
371 1146
655 1029
1046 1180
317 726
329 605
633 1017
910 1141
732 770
189 883
956 988
555 1295
647 838
685 1298
354 1028
755 980
781 1273
572 1196
474 795
380 635
1249 1267
970 1159
107 723
688 1156
759 1286
178 978
716 1192
855 883
757 901
986 1004
978 1032
816 840
401 1060
609 617
680 1014
12 1209
544 1038
481 1095
1043 1293
616 1250
1028 1188
400 1122
1049 1071
218 1143
1018 1166
521 988
190 1241
611 1165
933 1042
664 1053
813 1121
444 1175
698 781
646 708
476 1078
817 1235
224 837
1124 1143
70 855
639 900
468 723
214 914
736 1020
508 1241
903 1012
788 1182
375 1036
1121 1254
818 1150
526 1049
374 1164
407 894
460 708
89 698
191 785
554 962
592 786
295 970
536 777
548 742
98 736
533 940
1204 1219
891 948
918 1165
54 630
27 993
383 1279
110 1164
297 799
850 966
156 815
9 1267
953 988
328 1014
542 1038
1157 1268
404 814
1019 1279
203 879
879 1285
794 821
301 650
1057 1223
430 1247
498 655
860 1280
48 806
1129 1217
1167 1257
781 902
705 916
956 1153
936 1199
1048 1051
175 990
74 1014
928 1270
258 1124
1231 1256
958 1282
1081 1191
689 907
333 641
723 811
869 1283
265 723
414 612
211 683
537 1241
676 1033
22 886
558 1279
968 1222
559 948
503 814
96 934
1146 1282
259 993
816 1219
629 777
643 723
135 1044
195 648
798 951
746 836
1036 1296
350 998
848 1148
717 723
411 1001
257 1204
1237 1264
668 706
167 1155
1178 1290
580 823
832 1272
325 1291
1192 1196
877 1002
859 937
399 769
240 1259
299 809
1017 1205
737 1020
615 703
689 694
660 1258
615 771
895 1130
756 964
805 1291
324 677
114 840
811 1077
640 721
992 1123
241 698
546 904
1066 1228
1031 1228
967 1054
641 1240
535 1186
1215 1268
504 1232
1224 1296
1103 1173
1133 1151
285 695
179 873
699 1283
445 1049
321 1299
1036 1150
394 937
753 1083
756 780
1078 1255
52 925
560 920
814 1230
475 1166
564 617
7 848
1024 1284
638 1170
316 853
1175 1292
513 1292
126 1280
298 1230
543 1012
671 1271
320 1164
327 717
272 903
205 1124
303 1141
1006 1097
753 1001
488 1104
726 890
715 1284
903 915
805 985
478 930
637 963
72 1213
1156 1213
483 989
58 1208
486 742
412 635
677 1259
663 1094
702 1282
562 831
1051 1152
233 620
728 850
821 1111
197 944
49 1157
506 805
802 1251
40 690
1288 1291
461 1116
47 711
231 1230
920 1287
230 1078
221 656
23 698
127 898
223 1153
323 1285
832 1278
1214 1263
336 746
56 955
502 986
35 899
651 835
493 819
948 1141
373 1180
343 1090
669 1164
720 831
607 1236
76 972
19 1174
1122 1285
652 770
708 1162
867 938
749 890
1121 1160
952 1108
187 1275
552 1262
689 796
627 972
207 991
649 1043
711 796
59 1276
185 1223
413 954
208 906
1003 1059
398 671
471 768
1101 1291
97 1000
811 829
433 1181
997 1279
1023 1277
738 1222
293 1087
270 1024
144 866
443 661
349 1152
435 987
590 730
925 1171
944 1223
457 760
906 1202
853 1212
939 1228
979 1154
300 821
735 1105
589 870
690 1150
601 802
275 815
256 1285
740 1088
760 1122
621 1166
409 982
968 1174
43 1024
108 850
337 643
893 1180
497 711
802 1024
1226 1228
339 1269
672 876
624 788
84 1262
729 854
630 1189
28 1083
673 1066
846 1296
1130 1150
602 1253
884 1270
575 783
762 1182
935 1099
313 856
227 1198
267 654
18 618
305 1162
648 1046
666 899
654 872
529 1262
657 1158
1165 1243
713 1136
1099 1124
1056 1234
138 600
751 1285
81 727
376 622
734 1051
908 1166
611 1000
381 655
229 835
665 684
511 988
1052 1265
150 1020
904 1010
104 1257
755 1110
841 990
1165 1202
945 1001
406 838
668 856
1162 1257
595 773
717 1030
770 982
120 998
930 932
951 1147
217 826
719 1215
646 1054
1100 1295
610 797
608 976
331 1125
741 991
496 880
1003 1067
334 1019
365 962
768 971
1065 1258
837 1216
753 776
993 1154
90 1100
222 1257
737 1044
67 926
1134 1224
691 1043
1022 1282
369 723
873 883
949 1138
69 943
158 1232
684 1196
763 1299
665 800
820 997
456 1154
759 1118
969 1161
314 956
957 1141
954 1299
777 809
315 1112
304 1182
395 1015
907 1223
489 1141
448 645
1246 1283
194 617
1109 1126
1086 1231
1070 1245
634 1117
1040 1048
798 916
705 1266
1083 1194
745 1251
1121 1129
209 821
239 978
662 1101
727 827
991 1111
1275 1294
116 1056
196 1231
165 1244
901 1016
654 1041
607 929
714 771
1015 1213
77 634
148 842
830 892
635 1183
1112 1127
763 1150
880 955
1138 1141
403 1147
835 1182
428 880
1120 1191
885 1151
573 991
417 714
793 925
791 1279
125 927
424 1095
715 1265
88 856
649 1024
284 691
462 1082
1058 1276
672 1060
612 1152
687 818
514 1004
1036 1117
663 964
685 1157
290 1284
660 1184
154 1127
693 971
289 737
917 983
992 1196
1162 1246
799 1068
330 742
