890
204 14 1
493 14 2
598 5 6
208 3 3
32 5 1
261 11 1
84 2 6
377 10 4
323 9 1
467 1 6
314 6 2
637 1 2
235 6 2
29 2 3
857 1 6
832 14 2
899 9 1
338 7 1
40 5 4
148 6 3
87 6 5
659 6 3
414 13 3
27 12 5
533 8 1
433 12 5
710 13 1
626 9 5
292 4 5
135 8 1
238 6 2
42 14 4
211 8 6
726 14 5
523 12 6
810 5 2
627 2 2
297 13 2
570 1 6
465 9 1
248 10 1
619 6 1
271 5 4
371 11 6
269 5 6
254 3 4
403 2 4
754 14 5
53 10 1
167 10 3
864 2 5
147 12 5
278 1 5
96 1 5
562 10 4
150 2 5
609 14 1
178 9 4
445 4 1
35 9 2
760 10 1
530 9 5
786 8 2
752 12 5
285 5 1
709 13 2
311 2 6
678 7 3
291 9 3
43 4 5
568 3 3
628 15 5
616 5 4
407 7 3
794 11 2
439 15 5
652 12 2
653 9 1
218 2 5
263 13 5
701 2 4
114 1 2
303 8 6
151 13 3
873 15 5
711 15 3
194 7 2
284 3 3
787 5 5
761 9 3
198 9 2
458 9 4
78 6 2
607 7 6
602 13 1
195 5 3
559 14 6
107 15 2
315 11 3
352 2 4
221 1 5
347 15 2
176 14 5
723 9 1
11 14 1
748 9 5
159 15 6
876 7 3
335 15 1
813 7 2
418 4 3
395 4 1
86 15 3
545 3 2
527 14 1
124 8 2
242 12 2
641 8 1
471 13 2
321 5 5
480 2 1
169 4 5
802 7 1
312 1 4
419 2 6
856 11 5
120 12 2
1 7 5
277 4 4
375 7 5
630 6 3
222 8 1
275 6 4
295 8 1
651 3 2
393 5 4
566 1 2
256 15 3
8 10 1
125 6 6
146 2 4
775 15 4
564 2 3
741 11 4
675 9 3
629 14 2
428 15 5
897 14 1
65 1 6
548 4 2
158 11 1
770 14 5
880 13 2
199 10 6
223 11 6
875 5 4
807 12 3
634 11 1
662 9 3
286 9 1
294 6 1
702 11 1
90 10 6
746 13 1
704 8 2
113 15 3
774 8 2
170 7 6
454 3 1
699 11 2
289 14 3
98 10 5
765 10 3
127 8 2
578 14 3
892 2 6
756 8 2
561 15 6
550 7 2
513 6 2
318 14 4
91 10 2
340 3 2
67 2 2
553 10 5
790 5 4
330 14 2
762 3 5
21 13 4
826 14 6
539 9 3
363 14 2
475 6 6
149 10 5
258 2 6
554 3 4
54 15 2
376 9 2
882 7 3
219 9 5
415 6 2
421 3 5
750 11 1
667 15 4
203 4 1
401 9 6
721 15 6
161 1 4
773 12 1
646 12 3
331 9 3
596 14 5
425 10 5
656 14 6
481 6 6
490 1 4
872 2 4
731 6 2
549 5 3
420 13 5
580 3 1
757 14 4
68 11 4
520 2 1
560 11 5
713 3 5
895 8 6
104 12 2
518 14 3
173 3 4
0 14 3
845 5 2
333 2 2
134 15 2
264 7 6
390 15 2
679 6 1
727 15 6
621 6 1
816 7 4
36 4 1
250 2 6
301 12 6
620 6 4
788 6 4
109 14 6
556 1 4
735 12 1
33 4 1
251 15 2
366 12 6
427 9 5
63 7 5
197 1 1
166 3 1
584 12 3
4 11 3
426 8 4
99 10 5
354 8 5
174 1 3
378 12 2
103 11 4
327 12 2
830 14 3
517 8 2
406 4 5
369 2 2
606 5 1
491 13 6
440 9 6
364 1 5
883 1 1
590 4 1
782 6 5
623 2 3
552 13 5
336 8 5
722 12 1
669 9 2
394 2 5
60 14 3
614 5 1
834 3 3
795 13 5
128 11 3
622 10 2
500 12 3
350 11 6
162 10 5
92 14 4
290 15 4
457 10 3
455 5 2
466 3 4
663 12 1
881 7 1
41 3 6
542 9 4
129 13 5
139 1 3
85 6 6
388 14 4
870 3 3
308 1 2
671 2 3
431 14 5
462 14 5
449 3 6
28 7 5
10 9 3
126 13 4
123 5 1
93 5 2
571 12 5
508 11 4
17 2 2
185 15 3
408 12 5
328 5 3
154 4 5
488 13 3
13 4 4
411 6 5
38 2 6
247 8 2
526 4 6
799 14 5
540 15 2
668 6 1
878 1 3
772 8 5
485 2 3
510 8 4
827 13 1
19 8 2
15 3 4
171 8 2
625 13 5
519 9 5
20 2 1
131 14 1
736 4 3
472 15 3
632 2 1
82 13 6
306 4 3
77 6 6
593 10 2
249 4 5
708 13 6
640 14 3
5 12 6
737 13 3
822 10 1
189 13 5
647 10 1
39 11 4
771 15 4
446 13 5
842 12 4
224 3 1
631 6 3
202 11 1
387 2 1
255 13 6
360 8 6
396 14 1
299 1 4
51 3 5
444 9 4
838 11 6
443 8 5
504 13 1
181 6 4
717 11 6
304 14 2
829 10 3
603 6 5
522 2 4
610 6 5
155 6 1
707 8 2
486 5 4
501 13 1
888 4 1
346 15 5
345 14 1
828 4 5
332 4 1
705 8 4
253 9 1
58 4 1
372 10 4
193 3 2
207 13 6
214 3 6
661 5 6
205 12 5
191 11 5
182 12 4
156 12 3
348 5 5
416 14 5
280 5 3
848 8 6
382 8 1
112 14 2
680 11 6
747 2 4
262 6 6
617 5 4
863 15 2
658 11 4
639 6 2
230 14 6
437 14 2
356 15 4
495 12 5
529 4 4
309 11 4
320 6 2
389 12 1
840 4 2
46 8 6
673 10 2
30 1 5
329 11 5
14 12 5
374 14 4
691 5 1
106 1 4
435 12 6
664 7 4
110 6 4
349 3 4
476 14 5
849 11 4
216 2 5
31 7 2
383 7 6
497 1 3
718 1 2
165 3 1
781 14 2
368 6 6
119 5 2
836 1 3
293 14 4
105 1 3
853 11 4
385 4 1
676 5 4
179 9 3
430 11 2
272 8 3
442 6 6
573 6 3
163 14 2
825 12 1
847 2 4
837 12 3
706 3 5
733 11 6
859 13 6
243 11 3
672 13 4
797 7 2
734 13 2
792 5 6
422 6 1
575 15 4
839 4 5
555 9 2
213 3 1
89 13 3
885 9 1
355 4 5
739 11 3
738 15 5
469 5 1
742 15 3
362 8 1
693 8 1
541 8 1
884 3 5
843 14 4
879 7 3
489 7 6
557 4 1
252 3 6
589 14 1
453 6 1
841 5 5
492 6 4
595 1 3
889 9 1
246 15 5
468 1 4
410 12 6
359 5 2
538 15 5
164 7 4
729 5 3
100 7 6
809 14 5
725 8 6
893 8 4
898 7 4
226 9 6
386 8 4
835 4 1
507 6 5
270 7 4
287 5 3
473 12 4
650 4 2
409 6 3
703 15 1
322 8 4
867 3 3
228 13 3
132 8 2
379 5 5
712 7 3
812 4 1
23 8 2
307 8 5
357 12 6
642 10 3
688 8 5
886 3 6
615 3 6
645 13 4
281 9 4
654 11 3
743 10 1
71 1 3
821 5 6
695 13 1
544 7 5
600 7 2
487 12 4
234 3 5
569 13 5
452 1 6
2 9 4
768 14 1
594 14 2
811 8 1
6 4 4
424 2 5
279 7 2
136 2 1
55 3 3
648 15 2
698 13 3
563 4 4
798 11 5
868 7 1
344 12 3
157 3 6
145 13 5
73 8 5
172 1 5
81 5 5
187 12 5
464 12 5
245 12 3
260 14 2
45 12 6
684 13 1
599 10 6
732 5 5
451 14 5
758 6 5
759 6 4
83 11 4
608 6 2
74 12 2
866 12 5
138 12 6
498 9 4
891 14 5
456 10 2
776 5 5
766 14 5
52 4 3
674 15 2
215 2 1
220 11 4
342 10 1
512 8 1
690 3 2
241 10 3
325 14 5
423 6 4
896 3 1
579 1 6
470 3 3
404 13 1
612 11 6
413 13 4
56 15 3
143 14 3
16 14 3
47 14 6
660 4 6
852 6 1
785 15 1
273 2 4
69 9 5
268 8 2
482 11 1
546 3 2
865 13 3
206 15 3
282 4 2
244 9 1
22 15 1
94 15 5
319 6 3
784 7 6
655 5 1
61 13 3
744 3 1
384 3 2
604 11 5
373 14 4
64 2 6
683 3 2
398 5 5
217 9 2
310 12 1
715 12 5
25 4 2
7 7 1
636 15 2
34 4 2
565 13 5
229 13 6
44 12 4
780 10 3
521 12 4
665 9 6
887 12 4
505 15 5
558 7 6
177 11 1
50 8 2
296 11 1
783 11 3
417 10 1
118 1 4
381 3 5
644 9 4
448 8 2
233 9 3
597 4 1
851 11 1
724 12 1
397 9 4
265 2 5
687 9 3
740 9 1
72 4 1
66 5 5
862 8 5
186 1 5
844 15 2
808 11 1
343 1 5
854 2 4
535 15 1
805 2 6
95 15 2
516 12 4
874 8 4
502 6 3
144 10 2
749 8 4
142 6 3
402 3 6
459 6 1
429 1 1
789 9 6
450 3 5
850 2 5
524 7 2
817 6 6
576 7 6
370 10 3
806 1 5
474 7 6
572 2 6
298 15 1
391 7 2
479 14 6
183 15 1
49 6 5
694 1 4
697 8 5
9 14 4
274 15 5
528 8 5
436 10 4
26 8 3
367 9 3
801 8 5
591 10 4
820 10 4
116 14 1
638 2 2
624 5 4
341 8 2
796 8 4
115 12 5
232 10 4
764 6 6
815 12 2
716 2 3
818 11 3
583 11 4
48 10 4
525 8 3
506 14 4
133 10 2
351 3 2
681 8 3
267 11 1
547 12 2
62 13 5
380 2 5
685 5 5
317 11 2
324 8 6
212 3 4
80 13 5
117 8 5
800 14 1
460 8 2
152 7 2
858 11 5
769 2 1
751 11 6
670 5 1
860 15 1
531 7 1
745 13 2
823 8 2
76 5 3
79 8 2
231 11 3
121 13 4
210 5 3
190 2 2
605 14 3
689 11 3
861 10 3
184 8 3
890 1 2
59 13 5
871 1 2
536 8 6
877 12 6
57 7 6
358 2 4
334 13 3
814 8 5
657 14 3
70 5 2
24 10 6
793 3 4
257 5 5
18 14 1
75 7 6
337 12 5
239 2 5
613 7 1
804 14 4
236 5 6
130 8 4
140 8 6
611 13 2
97 14 5
305 4 5
288 11 3
399 2 2
405 2 2
777 8 5
719 11 3
188 11 3
585 15 1
111 13 3
12 6 5
441 10 6
141 2 6
503 6 5
682 11 1
855 5 3
514 15 6
601 13 6
192 2 2
833 1 4
108 4 5
819 10 5
574 15 4
484 14 4
509 15 2
496 12 2
692 3 4
728 5 1
353 9 5
831 7 5
365 12 3
753 11 2
483 5 1
102 5 3
803 4 5
201 11 6
649 2 3
551 9 5
618 7 1
755 7 5
499 15 1
894 8 1
326 7 6
196 7 2
494 8 1
635 5 2
101 3 4
259 5 1
302 6 5
438 4 3
209 2 3
778 8 2
824 9 2
869 5 1
730 5 6
577 13 2
714 4 2
200 12 1
153 11 5
515 11 3
237 12 3
588 5 4
137 2 4
696 5 2
37 11 3
88 7 5
175 3 5
532 7 1
361 12 5
432 14 2
537 4 4
313 9 2
477 2 5
478 8 5
643 9 5
700 1 5
225 4 3
686 12 3
511 1 3
666 12 2
767 2 5
586 9 1
779 5 4
160 15 2
581 15 2
677 14 6
582 6 3
339 15 4
266 10 6
122 8 2
463 7 3
763 1 3
3 5 4
567 7 3
447 1 2
400 12 3
633 11 6
276 6 3
846 4 4
283 3 2
461 5 4
412 4 4
316 10 6
300 6 4
543 13 4
240 1 6
