X Y
3,9638064 7,1285385
4,1852033 6,1452368
6,9407125 18,9404389
6,8704047 19,0020998
7,2704227 19,6984415
3,8438473 7,1735053
7,0723781 18,8401346
3,1628167 6,4672343
6,3368945 18,4874206
3,9439358 6,3825478
6,4677128 18,7289476
3,6610863 5,9799141
7,280489 19,4629449
6,2090862 19,6372257
3,9194596 7,6652859
4,492111 6,6355507
4,0589284 8,3790031
3,9301169 7,0770144
3,7768029 6,3266337
4,1557779 7,6264934
4,26467 7,341128
7,357053 20,3705405
6,6696892 19,1033544
3,4187624 5,6849628
3,437917 6,0425659
6,7199781 19,4190625
6,9843017 20,479163
7,1282916 18,714912
4,146096 6,997676
3,6585214 6,0361505
7,4413504 19,0766271
6,8783057 19,2181519
3,6345589 8,5976575
7,3164102 19,973096
3,7942096 6,6135634
6,7152732 18,1927892
7,1482447 19,5398915
4,4663303 5,082353
6,7929025 20,0777267
6,8636313 19,8468625
3,4204597 5,7287691
6,9476088 19,9993993
3,8136644 8,0814763
3,1465055 5,4875173
3,7553337 7,0652113
4,2835607 6,8759139
7,3955568 18,2434196
7,1193538 20,0315394
3,6183145 6,8501695
7,186723 18,2849455
6,6991766 18,2843502
3,9100466 6,6396418
3,5667476 6,8643254
4,2939935 6,2917864
6,6950047 18,9903129
7,0979216 18,1956089
3,6411193 5,8047272
3,7007029 7,2982352
3,9877046 5,8759085
6,8416654 18,7172071
3,9238509 5,9709227
4,3645466 7,4782214
7,436609 19,9844373
6,7949717 19,185292
7,2687952 18,6686026
3,8979365 6,5931654
4,0315757 6,4477016
4,2327252 6,4626843
6,7469014 18,4507369
3,5620602 5,5292176
7,2251469 19,2861698
7,0997182 19,4363971
6,8785265 20,1592427
7,233237 20,166756
6,8150498 18,4409097
4,0698534 7,8593423
6,5566792 19,6275102
7,2409541 19,4886941
7,1594094 19,2359869
7,0903863 19,3791642
6,7264698 18,247044
3,3029068 6,7163957
7,3201 18,1997814
4,5990636 7,3895833
4,0189776 7,2501675
6,8287052 18,6587829
6,9020598 19,9128804
6,6661752 18,0476642
7,1630499 19,546703
6,6230227 19,2959685
7,0538546 19,9638617
7,3405662 18,8700065
6,3970613 19,751983
6,387461 20,4262317
4,2591689 5,9851534
6,6984539 19,8228837
4,3015613 6,6941699
6,5231907 19,001718
3,8532981 6,7733681
6,5970537 20,7080887
6,9310124 18,4008773
3,891583 6,6253897
6,9885454 18,2848462
7,1011853 19,3145369
6,7696919 19,4726603
7,0042991 19,6597695
6,745401 19,0906361
7,4442752 20,7853801
4,5304869 6,7897175
6,8555095 19,0582603
4,2066067 6,7220448
7,314964 19,4615058
7,3085948 19,4956366
6,6719842 20,0686601
7,1582889 18,6952808
7,2065069 19,5298315
4,1867128 7,6568314
7,370819 19,2014874
7,4460879 19,3747827
7,114834 20,3204852
7,0696624 19,2119695
6,8622308 19,2225367
4,5236899 6,5807763
6,7376007 19,5588245
6,8098008 19,1847423
6,7875574 20,0216533
7,0378127 19,1637412
6,6914511 18,6615104
7,1960584 18,2595054
7,871656 19,3868371
4,2803112 6,0175519
6,4269631 18,6481666
4,1926474 6,8442963
4,2774893 7,2633688
4,0659258 6,6982413
6,7960769 19,2953917
7,482225 18,5957466
7,1782565 18,949822
7,3985261 18,2763811
7,1266349 20,2733325
4,183019 6,3090931
6,6225378 19,0944049
6,7972164 17,8390934
3,8989237 6,5931376
6,6965565 18,6017575
7,6219921 19,1113631
4,0943533 7,6990569
6,9787916 18,7172276
7,0624146 19,7715165
7,3722235 17,9519472
3,8620632 5,734895
3,6889264 6,9055535
6,9558634 19,4412107
7,1462289 19,1903282
3,6260765 5,8372396
6,7179895 20,9826622
7,2568348 19,7269757
7,4475174 18,5276453
6,8536612 19,7131625
7,1284399 19,0364968
6,7428504 19,7021693
6,9733417 17,5692762
7,4529018 18,6857485
7,489773 17,459675
7,2343676 19,9709976
3,7200492 6,6164495
4,3657822 7,6384673
7,5565338 18,91811
6,877985 18,3883859
3,9099723 6,8699851
7,47663 19,1626601
3,9015127 6,796891
6,9412044 19,2261813
6,98957 19,1000783
6,5759819 19,7071295
6,9396843 20,5204233
3,2893967 4,8144371
7,4826564 19,436204
7,5404426 18,7347296
6,8594925 19,4548111
4,6360904 7,8064033
7,3385881 18,3120554
6,5983411 20,191469
6,8346668 19,629831
7,4085179 18,4756331
6,9263192 19,086537
6,56604 18,7217465
3,5534899 7,2109594
7,0388037 18,366861
3,6552086 6,8434391
3,5933258 6,5619269
7,1794435 18,8478951
6,7648719 18,9955253
7,5434452 17,9936692
3,7856631 5,2488359
3,4061273 7,1946901
6,9418555 19,2388808
4,1094909 6,2506034
3,5010923 7,6160164
6,7381343 20,3550317
7,0325915 19,0018392
7,3072773 19,4058638
7,1900177 18,7392339
6,9663606 19,2156207
4,2131036 8,1471514
3,9734854 6,8390432
