18,268145 28,812447
18,285024 27,363908
20,270149 16,187862
17,145462 28,431469
17,836320 27,859703
28,650809 15,406129
18,990735 27,558848
16,751184 28,097277
17,358623 28,720754
26,703493 16,829844
16,359935 26,606267
18,481607 28,077031
17,158242 28,185580
17,381754 28,858542
16,668770 26,548801
17,964720 29,056868
17,145251 28,140880
29,233544 14,774974
17,958213 28,231861
18,294951 28,277201
19,035873 29,320702
28,335635 15,622794
27,596027 15,671969
28,968900 13,647031
17,225843 28,520591
19,009212 27,521872
17,994332 26,513108
19,141403 28,098269
17,793825 26,927543
25,931153 15,836597
17,946182 27,885680
19,018947 27,549706
21,341464 17,340307
20,297138 19,414080
19,953819 18,888270
17,727533 27,830543
17,532331 29,162329
28,631530 15,967120
20,507256 18,079352
18,746814 29,593140
27,424384 16,149221
27,546720 15,249171
19,942977 17,574480
19,778742 28,372399
17,885298 27,645842
17,762841 26,649287
19,761008 16,972654
17,953235 29,669132
28,547080 14,600992
16,651393 28,352171
17,318481 27,832797
18,472347 25,947929
16,890437 28,187382
16,873451 26,428621
19,042991 28,128221
17,895613 28,890760
18,054511 27,656314
17,651985 28,374502
17,526236 29,376913
17,864735 28,277984
18,446466 27,686043
18,793932 29,273743
20,372204 16,407701
18,002707 28,064612
17,920163 27,574657
17,331598 27,703223
17,845898 28,964924
18,303316 29,998810
17,793001 28,179980
17,888674 28,448620
18,382883 27,378845
18,579417 25,844400
17,518605 27,450423
17,660764 27,311583
18,318275 27,995878
17,103079 26,489244
18,992406 27,356012
16,486482 26,209445
17,712876 28,900261
18,551507 29,357601
19,654139 28,877693
17,471557 27,768730
17,947136 27,200527
17,628633 27,294575
16,708891 25,983542
16,594209 27,982768
18,374836 27,305228
17,543368 28,301323
17,591702 28,032347
17,875268 27,038477
19,390735 18,104482
17,873138 27,985142
19,523256 28,138470
18,857386 28,420524
17,340050 27,804844
17,614510 29,247249
18,516020 30,121065
18,950212 28,666056
20,994876 17,812604
28,846092 15,698168
20,167756 18,718563
18,286389 29,993489
18,424601 28,507746
17,972123 28,704955
18,202779 27,825025
16,874025 27,503294
19,872177 16,213807
28,565157 15,677123
17,459911 29,286427
17,546885 28,818512
17,952739 26,832520
18,070820 29,008369
17,965673 28,934363
18,061373 28,099024
17,448189 28,409521
18,018994 28,185162
17,602099 27,835809
17,012496 28,408956
16,664656 27,569878
20,958594 16,267642
28,259410 14,914845
17,987171 27,155896
18,010716 29,858220
17,842315 27,805654
17,686852 27,618915
27,437236 14,972504
17,951583 27,032049
20,153172 17,124806
19,836642 14,724185
18,374527 28,632564
18,112598 27,848671
20,778977 16,914308
19,669943 17,453759
17,969982 29,954979
17,413002 28,615481
17,323561 28,178386
19,955710 16,886172
29,095599 14,392071
17,369890 27,695236
18,060575 28,894883
28,108103 14,712070
28,394632 15,410854
17,922336 29,690561
18,819239 27,640943
21,294695 16,728227
27,187290 15,337565
21,266013 16,717065
17,001203 27,546358
20,456982 17,821675
17,586886 28,306774
18,454173 28,231357
17,906583 27,067597
17,176112 28,275830
18,118779 27,138810
18,516809 28,413941
19,159720 28,624999
18,208942 27,424232
18,800303 29,620961
17,614486 27,474755
27,383987 15,253924
18,406103 28,438215
26,649487 16,643470
19,816714 17,383716
18,338102 27,934853
20,765057 17,583024
17,542324 28,076779
27,409422 14,875313
17,547680 28,482266
16,607356 28,787801
18,370240 27,870997
19,530126 27,692305
17,701580 28,798778
18,424005 28,841983
17,869777 27,518519
20,490002 17,928664
28,301528 15,695098
28,528054 14,696749
18,135644 27,291410
16,717354 28,176028
20,989576 18,989057
17,688134 27,943318
19,195192 27,486777
18,205891 28,794254
19,449801 17,863015
20,960099 17,944464
20,419547 16,805119
20,235348 17,497265
19,025737 28,007143
18,099303 28,371976
18,776715 28,119771
18,193891 28,730313
21,001792 16,268383
18,841539 27,690705
26,386413 15,661113
16,932928 28,061934
18,872741 29,626619
17,693834 28,536568
18,324442 30,555995
19,923138 17,629399
18,311626 29,006267
18,088660 27,101485
18,684918 27,594585
19,122443 29,377997
17,431924 28,186494
28,178443 14,049019
17,494347 28,071932
20,127044 15,312469
17,523274 27,731166
17,224701 28,196807
17,452833 28,838337
17,933710 30,068042
18,741627 27,553123
18,198163 27,511817
27,618597 15,339184
19,938443 17,216464
18,990091 16,646092
18,246192 28,733911
17,398093 27,013907
20,600353 17,849886
17,064453 27,455392
28,559073 15,809228
19,929117 17,312299
21,385930 17,197532
17,703306 28,021924
16,568176 26,847489
18,144707 28,205796
28,744558 16,053809
20,832609 17,194048
16,565579 28,260002
28,516713 15,061602
18,462872 29,390722
17,900813 27,821778
17,847121 27,744264
16,633381 27,390634
17,900199 28,521143
16,857733 27,804709
20,649416 15,993220
28,105616 13,952762
17,612450 29,189239
17,815011 29,066793
17,247867 27,441246
18,324316 27,920179
26,582613 14,959734
18,805233 29,095026
18,070395 28,354298
18,386257 29,186020
18,313545 28,233412
16,326681 27,877312
17,718704 29,108746
18,608818 28,076581
16,929413 28,398010
17,343994 28,820040
17,891638 28,372349
19,775690 16,492502
17,200867 26,887018
19,257873 17,119473
17,331034 28,145204
17,145736 28,668356
20,084631 16,178846
18,117445 28,840232
19,111796 28,962453
20,575210 18,034634
17,767093 28,119140
17,069265 26,669261
18,907933 27,687835
18,491809 28,405902
18,570285 29,202211
17,858569 28,582849
28,037410 14,112222
28,908448 14,942076
16,346378 28,839020
18,491829 26,782603
17,629760 26,775509
27,576705 15,699183
28,281229 15,404107
18,188354 30,127691
18,947795 28,104741
17,302864 28,306528
17,585724 28,708679
18,589901 27,513033
17,734673 27,543750
17,537247 27,956362
18,223671 28,175458
21,665099 17,430910
28,337561 15,387461
20,006855 17,801837
17,532784 29,295045
17,600590 27,578426
18,503731 27,095791
18,558565 28,451409
17,456110 27,322398
17,319246 27,555594
17,098117 28,241322
18,148459 28,122615
17,801454 28,390282
18,612409 28,007783
17,329448 28,698483
18,078011 28,038286
18,557039 28,938620
16,962035 28,380607
19,566514 17,967951
18,509482 28,093498
28,635224 15,097361
20,495558 18,328543
21,239984 16,396414
17,574542 28,995371
18,127979 27,355057
17,102093 26,608440
20,598098 17,850454
18,522928 28,231682
20,542816 17,042713
19,036332 28,419620
27,351883 16,097321
17,811949 27,024765
18,579105 28,323815
17,688569 28,211384
17,366353 28,000706
18,385835 27,341699
17,986791 26,723259
18,618494 27,523008
17,997505 28,856723
21,069645 16,841377
21,344279 16,282102
16,434651 26,706152
18,853640 28,566041
16,704207 28,051397
28,627827 14,224183
16,831030 27,179625
17,843207 28,190136
17,067563 28,048920
17,989358 26,554639
20,031664 17,418087
19,535797 17,328115
18,980948 29,296063
18,736138 28,209761
27,792540 16,440278
18,513428 27,672221
18,957209 28,697586
28,417451 17,035198
21,380702 18,208361
18,461631 28,023598
18,675513 18,064252
20,538201 17,270270
17,260766 29,122152
18,107467 26,995822
18,069258 28,745527
18,212104 29,069443
18,598176 27,878322
17,686222 27,295631
19,969204 17,891598
17,021719 28,119365
17,784416 27,589589
18,448310 29,140612
17,516109 30,102908
20,461414 17,158172
19,842758 16,875644
20,613207 18,363090
17,279929 28,241333
27,569322 15,244560
17,724325 28,622004
27,732641 15,919322
18,959994 28,360952
20,197519 17,724610
21,490578 18,126821
28,683640 16,513312
17,330421 27,549082
19,547266 27,418544
16,512960 27,600548
18,619373 28,713088
18,107278 25,588601
19,993149 17,119724
16,562049 28,441710
20,425101 17,794305
17,549412 28,468275
17,971877 28,066043
18,411618 27,389296
16,664463 27,623326
17,441758 27,279589
27,919047 15,475761
20,388306 18,662247
17,289332 27,646655
16,877822 27,419524
19,803525 17,577815
28,920908 16,524423
18,506022 29,941966
18,216621 27,840925
26,669048 16,773930
28,881670 14,994295
18,383969 27,601711
18,243712 28,709808
17,772588 28,003100
18,170184 29,413350
17,640618 28,736376
18,171102 29,345520
18,070732 27,109182
17,315416 27,983161
18,700660 27,971436
18,793881 28,304157
18,640739 27,910254
17,565261 28,556312
17,818480 27,146873
19,607998 16,755808
28,097654 14,947754
17,960298 28,131192
17,989633 28,710778
17,494901 28,888492
16,778480 28,167008
18,003095 28,129057
17,427417 29,977822
27,019761 15,942288
17,024339 28,959670
18,563029 28,881135
17,084683 28,393864
20,887976 17,498817
18,426112 29,066258
20,094416 18,241634
18,131166 28,545194
18,260834 29,126159
17,153767 27,671726
18,288200 29,326226
18,424587 27,911169
18,020098 28,142731
18,823279 27,910962
18,637985 28,320770
18,464528 28,061404
17,865321 28,039005
17,399358 30,204182
20,677491 17,954686
19,075403 16,486175
18,653573 29,168784
18,307422 29,081545
28,106597 15,741949
17,677251 27,518428
18,014522 28,337851
17,127047 28,191698
18,753220 29,296452
17,594582 28,829218
18,351037 28,420885
16,712228 28,441321
20,061793 17,751982
20,503360 16,661641
18,060610 29,285590
17,453593 28,808865
28,041387 16,103260
17,395119 29,379453
20,329743 17,475719
17,972292 27,762086
16,849698 28,143846
18,929757 28,751255
20,410753 18,328840
17,234421 27,602435
16,893602 27,288354
17,991291 27,511201
17,894269 28,372025
16,922857 28,729835
17,906724 27,970984
18,350954 28,860401
20,092704 18,872423
20,775385 17,104373
27,239391 15,831392
17,995998 28,989649
16,760840 28,391689
27,357720 16,614814
18,670368 28,023948
18,862265 28,667310
17,937844 28,238265
18,114133 27,894872
28,280312 16,481428
17,025774 28,647489
19,066080 28,036907
19,419786 28,490473
18,907963 28,562244
27,376891 16,222203
16,435182 26,753872
20,414752 17,397378
17,162988 26,334067
17,878243 26,132569
17,472252 27,519956
18,066824 28,318066
27,238873 15,005290
29,179970 15,505605
18,316530 28,066254
16,873260 27,976317
17,576140 28,100833
18,127837 27,846978
18,053942 26,765446
17,181130 27,243980
26,916025 16,601251
17,696538 29,601300
17,362070 28,009362
16,768947 28,322211
17,956634 28,731901
17,196698 29,549331
19,373587 27,509500
20,292349 16,130383
19,873772 17,747978
17,229877 28,740588
27,604609 16,349679
20,198904 16,787149
20,286285 19,229114
17,975402 28,309059
27,218668 15,984750
16,611029 27,555658
18,579377 27,021010
18,023375 30,190021
18,221049 28,148025
21,083921 17,791383
18,345704 28,232269
17,477930 28,507467
19,016270 29,314984
18,980768 28,278169
18,506851 27,291170
18,516928 29,457954
17,306109 27,878245
27,982889 14,930358
17,793381 28,232308
17,219520 27,862059
28,016215 15,387918
19,468119 17,490191
17,385781 30,242180
16,807476 27,187179
17,212006 28,697072
18,583178 28,698200
20,324136 18,544656
19,184044 16,621772
17,674573 27,634238
17,409799 26,320412
18,478784 28,443697
18,123874 28,030230
19,206542 27,284329
18,975839 29,225715
16,965861 28,904685
17,234154 27,905128
17,978259 27,565692
17,124743 28,646979
19,807009 16,804924
18,543651 27,945005
17,624277 28,527090
18,149248 26,693984
19,299531 27,800765
17,457625 28,548517
18,325537 28,571869
17,448188 28,794250
18,205699 26,843973
17,880139 28,650758
18,100568 27,664721
20,314447 17,465685
18,168685 28,975235
17,753407 28,372915
16,577238 28,064043
18,561424 29,052356
18,582813 27,712068
20,067652 18,334696
20,547177 16,212150
20,423222 17,460560
28,623669 16,229823
18,081876 27,879983
18,824766 27,987804
18,035120 28,780783
18,126140 28,394944
27,066580 13,898019
27,942671 15,703036
17,529941 29,007898
21,578005 16,961954
18,001711 28,184501
18,766809 28,698749
17,522117 30,181117
17,493752 27,494791
18,848275 16,520718
18,463954 29,151468
19,409548 17,764407
18,500892 29,050788
17,803515 26,796629
26,920247 15,398919
17,361599 27,651995
18,302787 28,460255
18,716559 16,132966
18,101690 27,678960
18,026365 29,491377
16,883903 26,578401
17,513768 29,365938
18,055950 27,355760
26,826279 15,535495
17,450194 29,183366
19,370869 27,368885
17,778832 28,013511
19,062348 29,648891
19,370515 27,542082
17,265165 28,189301
17,978590 27,642565
16,906096 27,362105
16,895469 29,154233
28,679031 16,489074
19,323992 17,387330
19,983566 16,508588
17,229126 26,773234
19,199117 28,093097
17,750945 28,359418
17,870281 27,391030
18,686882 28,147361
17,597825 27,984769
20,323375 16,935398
16,847635 27,720169
17,680442 27,752144
17,891936 27,642794
21,205288 18,229793
27,156022 16,409131
17,676138 29,504714
17,231362 27,236311
17,139674 27,598211
18,118757 28,176373
18,067375 27,546996
20,282012 16,005328
17,165918 27,705958
17,183627 27,903928
28,478471 14,736584
18,820124 27,657057
16,694414 27,500669
17,310858 28,231915
26,811081 16,363907
16,717488 27,329690
17,963501 28,461786
16,799097 28,644026
17,513664 28,977378
16,686257 27,090356
17,949135 29,250066
17,761817 27,598634
28,967067 15,368316
17,961416 28,075283
18,570571 29,042556
18,610053 29,776571
27,944644 15,435471
27,556063 15,954015
28,241310 13,646514
17,240554 28,639707
18,540811 27,284733
17,718364 27,424421
18,974394 28,573887
18,102830 26,518038
26,368037 15,642485
18,017751 28,371633
19,264076 28,053702
20,992273 17,118390
20,183126 19,160194
19,809018 18,885896
17,389886 27,490777
17,340722 28,905875
28,560734 15,472976
20,794386 17,783318
17,937791 29,630436
27,280301 16,057014
27,840347 14,659442
19,694592 17,759477
19,409385 28,060015
17,701033 27,790559
17,429428 26,829825
19,420855 16,456645
17,939326 29,637748
27,891395 14,842093
17,033239 27,785869
17,847603 27,162926
18,253606 25,988570
17,671633 28,001405
17,358429 27,016524
18,375458 27,264892
17,686486 29,296646
17,681313 27,868560
17,139655 28,103102
17,593725 29,642704
17,870992 27,834671
18,434331 26,982527
18,033286 28,576077
20,797987 17,011333
18,232505 28,195786
18,327304 27,444588
17,817924 27,575060
17,440355 29,526587
18,443717 29,570797
17,455425 28,098841
18,254848 28,592561
19,115685 26,577374
18,402422 26,114948
17,712884 28,158046
17,222068 27,860091
18,541823 27,825445
17,229788 26,574342
18,380055 28,005323
17,057567 26,498780
17,909038 29,060676
19,107540 29,286971
18,759275 28,406878
17,133950 27,963361
17,823698 26,795285
17,421047 27,853908
17,624461 26,607509
17,360692 28,214394
18,080515 28,099743
17,619167 28,706992
17,474961 28,707721
17,504369 27,250763
19,147651 17,523037
17,296012 28,675859
18,724117 28,482899
18,828782 29,160798
17,629650 28,313610
18,231563 28,727861
17,705305 29,620146
18,857205 28,068417
20,472315 17,312679
28,757565 15,561286
20,770782 18,587428
19,176006 29,198697
18,094129 28,387925
17,725222 29,130562
18,035310 27,909881
16,844837 27,538127
20,220516 16,309659
29,033228 15,862671
18,127284 29,167177
17,852155 28,643990
18,047282 26,888574
18,296249 28,528318
18,503751 28,410338
17,874590 28,584287
17,475097 28,167286
17,241464 27,771493
17,852643 27,377476
17,229644 28,074443
16,531108 27,454767
21,061517 16,478863
28,617285 14,399320
17,638912 26,361386
18,014152 29,938865
17,929697 27,684956
17,605626 28,075503
27,585223 15,389517
17,945429 27,022563
20,548895 16,951171
20,437259 15,139797
17,881589 28,671376
18,234094 27,420605
20,712693 17,352693
20,461853 16,801255
17,625149 30,402853
17,842920 29,106766
17,243644 28,435190
20,058680 16,609748
28,413522 14,390827
17,596263 27,984297
17,774101 28,537341
28,838887 14,900781
28,092270 15,082787
18,143660 29,150244
18,728512 27,389619
20,857663 17,258061
26,660883 14,978259
21,010214 16,450361
17,280441 28,075732
20,471520 17,509216
18,121035 27,524093
18,231083 28,271997
18,624084 26,629737
16,763414 29,029160
18,399543 27,123519
18,134121 28,709494
18,635012 28,814503
18,577064 27,759553
18,493760 28,708953
17,876421 27,425651
27,806368 16,010256
17,952506 28,513918
27,069284 17,022589
19,876350 17,045668
18,014127 28,506587
20,798797 17,956133
18,251481 28,248858
27,300345 15,098554
17,623495 28,581524
16,275488 28,794869
18,584296 28,298175
18,783456 27,442424
17,827987 29,135723
18,435584 29,189223
17,942964 27,513650
20,655977 18,150240
27,742975 16,186035
28,789882 14,779693
17,890993 27,840972
16,452010 27,850958
21,098642 18,287134
17,705085 28,388253
19,330445 27,697469
17,523394 28,868953
19,370962 17,459182
21,643909 18,130505
19,792735 17,089770
21,083838 17,311781
18,246242 28,460298
17,842670 28,225567
18,534704 28,528486
18,817973 29,131062
21,386230 16,199918
18,467817 27,899400
26,112278 15,795657
17,488579 27,707847
19,465306 30,162860
17,190967 29,046121
18,421046 30,155553
20,358577 17,227965
17,935076 29,225730
17,511765 27,178429
18,253794 28,226348
19,132500 29,699392
17,635342 28,035023
28,298179 14,172308
17,777429 27,749190
19,471968 15,373317
17,467135 27,126027
17,277403 28,182144
18,295254 28,962093
18,583323 30,456994
18,715853 27,542653
17,601785 28,065615
27,675665 15,517017
20,569322 17,473917
19,723068 16,958878
17,924136 28,267871
16,990013 26,782650
21,208012 18,453305
17,138777 27,169454
28,806474 15,540549
20,408119 17,596884
21,558573 17,238445
17,113771 28,087461
15,990374 26,960307
18,127746 27,881432
28,648433 15,146034
20,453752 17,425249
16,773074 28,667357
28,596786 14,699594
18,156446 28,958211
17,275839 28,254153
17,943545 28,209240
16,809517 27,810240
17,894045 28,182845
16,641449 27,729486
21,196942 16,191631
27,690886 14,339765
17,455937 28,911034
17,139138 29,308165
17,634748 27,731302
18,447249 27,467464
26,634642 14,963072
19,672830 28,387281
17,928899 28,655973
18,677570 28,625894
19,037466 28,915773
16,380134 27,856789
18,010458 29,402315
18,626858 28,174825
17,180289 28,854879
17,102191 28,726433
17,326011 28,816343
19,068293 16,535302
17,028728 27,776619
19,606924 16,601869
18,017269 28,113681
17,356843 28,753368
20,721161 16,125223
17,740944 28,861733
18,477290 28,869688
21,508646 17,706918
17,933353 27,590474
17,579297 26,639802
18,906339 28,123647
17,852275 28,389374
17,965935 29,410428
17,670406 28,562156
28,334613 14,598135
28,439004 14,800998
16,451294 29,572399
18,074208 26,736158
18,299598 27,375112
28,059460 15,622967
29,069528 15,290561
17,904247 29,486319
19,229363 28,624680
18,163035 28,488326
16,681354 29,434824
18,557850 26,859793
18,052434 27,573906
17,910024 27,201275
18,464394 27,993039
21,432172 17,564775
28,122474 15,021362
19,310543 17,475550
17,770562 29,306005
17,180476 27,988419
18,268988 27,056210
19,272579 28,756464
17,952754 27,697830
18,003783 27,213499
17,269496 27,768539
17,522306 27,982970
18,509132 28,384505
18,827892 28,210708
17,351383 28,187820
17,675661 28,251932
17,763392 28,956863
16,982150 29,107757
19,683889 18,362655
18,805487 29,012156
28,769629 15,069641
20,182219 18,317362
20,968201 16,383375
17,275846 28,105391
18,419797 26,911466
17,078192 26,660206
20,962892 17,807802
19,351137 28,474270
20,677359 17,172368
18,809294 28,071593
27,633530 16,006682
18,065779 27,814055
17,969108 28,499878
18,081541 28,032578
18,167699 27,516624
18,149958 27,385786
17,360232 27,578139
18,518571 27,488227
17,757221 28,393835
21,061444 16,745521
22,246365 16,722638
16,708235 26,855754
19,075549 28,948911
17,250332 27,559143
28,467181 14,331516
16,684336 26,838596
17,751487 28,011152
16,741836 27,880036
17,810649 26,462690
20,150033 17,185750
20,117304 17,271445
19,119255 29,169707
18,201084 27,788854
28,688499 15,899079
18,136797 28,023227
18,932306 29,607508
28,863281 16,852342
20,881053 18,402175
18,796950 28,138716
19,151298 17,948749
19,706811 17,605873
16,845410 29,291463
17,752939 27,905338
18,473090 28,392772
17,624093 28,457776
18,797884 28,288781
18,034166 28,073433
20,052659 18,644226
17,280833 28,420493
16,985081 28,476153
18,887344 28,484214
17,566599 30,148649
20,882825 17,071008
19,995779 17,340052
20,811791 18,860374
17,754269 28,110402
28,014694 15,126842
18,055549 28,951781
27,653703 15,957198
18,999634 28,281415
19,978435 17,980529
21,004676 18,608260
28,774794 16,300173
17,946683 27,443201
19,059703 27,656129
17,294121 27,695319
18,666610 28,864047
17,474878 26,106968
19,727654 17,310185
17,195845 27,885602
20,768057 18,167429
18,138578 28,119244
17,658569 27,668522
18,072163 27,467184
17,358277 27,958254
17,824979 27,663213
28,017505 16,188918
20,356449 18,215081
17,015337 27,577776
17,439635 26,658099
19,951032 17,824597
29,064188 16,506237
17,861487 29,710197
18,160016 27,566705
26,620710 16,091038
28,275181 14,733478
18,709535 27,610516
18,038858 27,791402
17,491049 28,049823
18,337411 28,735601
17,945879 28,327957
18,295194 29,398156
18,539679 27,074072
17,341301 28,602597
18,165165 27,937766
19,484159 28,872088
18,445303 27,714633
18,376933 29,111669
17,576828 27,252386
19,765682 16,989192
28,600150 15,536825
17,941089 28,357471
18,136556 28,604412
18,103468 29,762041
16,549549 27,375488
17,235108 28,947568
17,446309 30,199613
27,761371 15,573278
17,792276 28,185676
18,081669 29,018515
17,604848 28,572899
20,789277 16,807400
18,915258 28,405359
19,201957 18,312399
18,476693 28,130699
18,640397 28,669048
16,955586 27,658578
18,009254 29,152844
18,904570 28,493963
18,692867 27,475462
18,092183 27,523644
18,471096 27,828955
18,772557 28,295486
17,645845 27,694334
17,631327 30,035945
20,666405 17,257578
19,714124 16,717571
17,833572 29,987813
18,673685 28,429764
28,905374 15,449521
17,503076 27,862836
18,355811 28,687315
17,312421 28,026681
18,608938 29,136744
17,873925 29,151605
17,680934 28,648802
16,553253 27,938342
20,379533 17,720501
20,011938 16,750383
18,002994 29,241767
16,931604 28,509396
27,334477 16,402768
17,812052 29,242162
21,171452 17,865397
17,956215 27,849073
17,679699 28,415493
18,277005 28,792363
20,968712 18,304308
17,101098 27,615346
16,666378 27,281331
17,684292 27,589566
18,084257 28,174893
16,721286 28,499264
17,943760 28,170279
18,205193 28,019987
19,516791 18,712338
21,086042 17,219507
27,186289 15,157134
17,918771 28,504439
16,504725 28,222073
27,491250 17,046936
17,969853 28,078232
18,840684 28,740477
18,078130 28,113918
18,479138 27,755881
28,509836 16,295086
16,837819 28,657136
18,275414 28,409629
19,909203 28,524907
19,164048 28,393106
26,829999 16,177027
17,314060 26,990182
20,914998 16,922086
17,339917 26,559844
17,746741 26,789088
17,957486 27,824531
17,710160 28,328335
27,108129 15,615621
29,334109 15,220437
18,098515 28,701722
16,597710 27,854305
18,284044 28,543852
17,877624 27,698133
18,102025 26,649816
17,259815 26,923941
26,806685 16,811203
18,385130 29,106317
18,266808 27,627852
16,697125 28,596736
18,359745 28,717110
17,140006 28,925297
19,659177 28,025052
20,745729 16,634553
19,292575 17,988988
18,124341 28,479990
27,887714 16,613886
20,621825 16,813934
20,916314 18,944388
18,482752 29,049229
27,221147 16,300158
16,798232 27,655402
18,383965 26,775153
18,357471 29,723112
17,488036 28,546179
20,515349 17,656223
18,681077 28,661152
18,253872 28,456321
19,492177 29,437803
19,535115 28,437598
18,050766 27,049902
18,803231 29,151689
17,218526 27,922955
27,832001 14,973197
17,759862 28,823269
17,030899 27,872438
27,544886 15,177444
19,022861 17,320734
17,428837 29,650060
17,014468 28,020604
16,489122 28,675239
18,200613 28,048250
20,164521 18,133383
19,333037 16,390632
17,869208 27,226359
16,715776 26,889631
18,664326 28,654886
18,071823 27,931500
19,189252 27,315342
18,589919 29,635569
17,067116 28,779400
17,546128 27,818480
17,282213 27,332416
17,567745 28,585284
19,834120 16,988907
17,821873 28,448937
17,253883 28,926904
17,988650 27,428190
18,894841 27,187214
17,578831 28,696257
18,352667 28,093198
17,316255 28,156814
18,004120 26,977536
17,964263 28,986187
18,591691 28,180798
20,378321 17,222397
18,564696 28,787056
17,754160 28,414851
17,222719 27,720090
18,356978 28,178957
19,172224 27,504961
20,311681 18,038951
20,120124 17,035552
20,295823 17,672538
28,682774 16,031309
17,790736 28,766329
18,970734 27,787429
17,143056 28,329781
18,169276 28,761702
27,343154 14,706147
27,918229 15,512050
18,224244 28,458710
21,711583 17,376537
17,765480 28,384337
18,663359 28,929927
17,133424 30,530190
17,570817 27,943724
19,450256 16,193479
18,288725 28,754599
19,598975 17,032456
18,396118 29,443075
17,637431 27,487317
27,141564 15,063052
16,669612 28,114990
18,088363 28,428813
19,571211 16,509253
18,043410 27,433160
18,144801 29,048354
16,561643 26,894863
18,148137 28,834037
17,978145 26,912373
26,357891 15,168650
17,503233 29,698554
19,245911 27,517032
17,571190 28,430171
19,237877 29,340743
19,410862 27,666166
17,925755 28,620747
18,359029 27,592293
16,934023 26,950856
16,297056 28,814765
28,763364 16,243966
19,437527 18,286300
20,550605 16,645630
17,576388 27,003187
19,225634 28,431987
18,299459 28,009121
17,960640 27,386151
18,866059 28,648093
17,771432 27,579225
20,274645 17,318503
16,854981 28,129358
17,758746 27,731180
17,643376 28,319452
21,250603 18,607603
26,862913 16,635585
17,712384 29,319978
16,824877 26,368776
16,945238 27,803012
18,990678 29,363000
18,016200 28,351532
18,040569 28,668830
18,134788 28,910528
17,766513 27,834403
27,172797 15,370837
27,686165 14,519433
28,279046 16,408109
18,232918 28,204823
17,682558 28,339000
18,472912 27,969545
18,439903 27,619144
17,915734 28,827465
19,279788 29,491177
17,781547 27,237856
19,073265 30,031830
17,688926 28,124959
17,955053 28,609890
18,067780 28,850284
17,354774 28,441715
27,499330 15,600127
27,380966 15,016875
28,267522 15,851332
17,737214 27,594514
18,264906 27,367483
18,790774 27,841762
18,346267 28,074684
17,847195 28,859561
18,978213 29,212125
17,797524 27,666217
