X Y
13,1854742 7,2034593
8,965608 19,2733025
13,3276183 23,075241
11,8892294 8,3860497
8,0110083 19,0496736
12,1302947 23,4222296
13,7083554 7,447175
8,510616 18,3610407
11,6859572 6,1592472
9,2126821 17,9701849
12,2629002 8,0928787
12,2170442 7,2915548
12,6507883 24,5210806
7,9999086 18,6230792
-11,4008675 34,5939325
12,2726059 6,8220403
12,3855703 6,4305807
12,8584368 7,6576202
13,2265871 7,0472942
12,6960252 7,7734477
12,1523852 23,7220233
13,1225547 7,3769938
11,2644766 7,0278775
6,6485928 18,9075378
11,9614034 7,2211577
11,4098748 7,8460037
11,4053178 9,1658308
13,7649705 6,5512408
11,5105845 24,5939325
12,6762545 7,2449149
12,2481394 7,6198439
6,7497803 19,0656256
11,053607 7,1549907
12,7504787 23,771169
9,3152138 19,1093198
11,6379366 7,379016
12,6311033 8,5366601
12,7535657 7,5298658
8,4004767 18,1627268
11,8598468 6,8598965
11,8149121 7,2137739
8,9811843 18,329417
11,6216727 7,1663516
12,5985381 7,21041
11,6286612 7,7214271
12,1774252 23,2909966
9,8695957 18,0061567
12,5139717 8,3253893
9,5030969 18,0164168
13,5066628 24,0182323
11,369603 7,4489795
12,3224839 7,4142245
13,0664342 7,1295053
11,1499616 7,335714
13,8240931 7,7443968
12,8045295 8,2629446
13,6772528 7,1728697
12,8856315 6,6919811
7,6592625 18,1826357
8,6287133 19,6718206
9,6810252 18,8076962
11,6891807 7,8545467
10,8768614 7,7940971
8,8189662 18,2506005
7,2412073 18,8662063
12,3879638 24,3315008
12,6987847 22,8211096
12,7651656 6,487026
12,3064114 23,4534914
12,3329972 7,7782969
8,6642552 19,4610417
11,8122022 6,3941328
12,4550638 8,0630771
13,0600439 5,8332234
12,29662 7,2061708
8,4874654 18,9031256
9,1327125 19,8924214
9,4508115 19,1927456
11,1768596 8,2172216
11,6913641 24,2994601
13,5309589 6,9438744
8,845236 19,1650964
12,7757717 7,3993879
13,5519567 23,7994384
10,8923665 22,2516417
11,9105272 8,9691108
12,171538 7,0061275
13,376026 7,7382388
11,8897133 22,7451998
9,6723644 18,0117523
12,0932869 7,5846857
13,0909674 24,0365588
12,848975 7,9690598
8,2149187 17,9871299
7,5729493 18,7651393
12,009721 7,0770409
13,3207822 7,117498
11,2380781 6,9270158
7,9875159 20,3036071
12,995611 7,2860089
12,1978717 7,2655614
11,0068971 7,2074491
8,2473592 19,3914868
12,4949856 7,9069821
11,7236071 8,2054695
11,5788328 23,1792747
12,1376425 22,593377
11,7109104 6,1528271
11,60854 8,1773122
8,6556288 19,8592153
12,0125393 7,7889261
7,9280768 18,7606681
7,6178219 18,8625019
11,178986 23,8055544
11,9727598 24,0317994
7,9837025 19,0565955
12,2035078 7,074347
13,4624752 6,5848561
11,2590605 23,3461774
12,8166305 8,0702489
12,2439173 7,2292277
11,3700136 7,4489915
13,2291696 8,8296903
11,5335605 6,9471539
13,0505871 7,399503
11,7341463 7,466473
7,3378463 19,0885063
12,5795577 8,0356736
11,3790084 8,3407412
13,2016132 6,4291889
9,339317 17,6880842
12,5418616 6,8679952
12,328728 8,3301844
12,0089404 7,7179281
11,4937984 7,6063805
12,2185306 7,158118
11,6803363 23,4403787
9,6370084 17,5566852
12,8016793 7,1609812
12,2802598 6,0815775
11,8686598 6,2303815
12,999484 23,8822769
12,67042 8,1302213
11,4254818 6,42536
12,6632206 7,4747111
11,5808897 8,2708048
12,095212 7,1198927
11,644467 8,1932502
12,1187383 7,2361109
12,1755016 8,3032966
11,2059582 7,9154546
12,1162188 7,6825257
11,5307775 6,8998877
10,8579828 8,0467268
7,7424095 18,9957172
10,8204604 7,7067865
12,1032438 22,8772381
8,6355737 19,1912397
12,0100205 8,1299913
12,555844 22,6911322
10,8450851 22,8160467
11,0859083 7,0017054
11,6358669 7,8632935
10,0682393 7,2296734
12,4582635 6,6858218
8,8986028 17,6896429
12,6572372 6,1340803
11,9838086 6,3134704
12,2502696 6,9193763
12,5326717 8,3289531
12,1819744 6,8154997
11,4880172 6,8466149
11,8622299 8,3317087
11,9193436 7,9384964
11,1608912 7,9092725
8,8654776 18,3606831
12,4758 7,6101254
9,0818631 19,6287664
12,0243821 6,5921981
12,3041038 7,7775257
11,7189536 7,1459623
8,3065811 19,0879835
11,7902585 7,5527144
12,2745204 7,2622949
12,2073683 5,9182092
12,3828237 7,2340967
13,0116491 8,3479852
11,2331692 7,3635309
11,6062564 5,7848322
11,5992862 22,398298
11,2359059 7,5461257
11,2417286 23,981009
12,5253084 23,1639716
9,466131 19,3930391
13,2081933 7,0518456
8,8831608 17,8612103
11,5704105 7,8792111
12,0859441 6,7320596
8,6155098 19,9048442
11,3690229 8,1108439
7,5422542 18,4774326
12,2607507 8,6923957
12,1775109 8,0557274
11,503242 7,6380454
12,4704471 6,9089199
12,762041 6,9828816
13,6002446 5,9770115
12,7954349 7,9347451
8,3953467 18,5213974
11,8352642 7,2543543
11,029918 24,0330827
8,4331776 19,2505961
12,1370134 7,5973656
11,9612523 23,2582414
8,2237549 18,923885
13,0693618 7,1060976
8,3820844 18,5435637
8,149264 19,4711513
11,6608726 7,134587
12,3465502 7,2014497
9,3571471 18,6949771
12,9952389 6,7820182
11,9006089 6,0603043
-1,1708675 -18,9120833
11,4117673 7,7582538
10,4277372 7,7231448
9,6267208 19,3609039
11,7947049 8,1413488
11,903348 8,0990288
12,3867413 6,1234519
11,0044159 7,0968284
11,3650869 6,3720743
12,8887804 8,4294103
13,1392707 6,4571824
11,2641563 6,7371457
11,696472 7,7598242
12,9040333 5,3879167
12,3846652 7,6528564
13,0036938 6,3760561
8,9358743 19,9306304
11,7653162 7,0755897
7,6456757 18,1547811
8,574285 19,1518965
12,6783615 7,462643
11,7147448 8,1435657
13,1181663 24,0266987
11,4474587 8,5670441
12,5582491 6,9407028
11,585058 7,6400619
12,5538666 7,6725753
12,3905639 8,4144011
12,2482241 23,5824007
11,8042274 7,3248782
11,8563935 7,1413428
10,8988952 7,7425397
11,3156749 7,67205
9,609172 18,5285137
12,7062717 7,0241929
11,7790509 7,4344938
13,079709 8,4126727
12,0882877 7,404192
13,4348841 7,9790648
11,06446 22,5810825
13,0740895 24,0694532
12,9400612 7,3047049
7,211303 18,8694098
12,1729548 6,6328051
11,2699449 7,6323029
11,7865428 8,2490601
13,282647 8,0359625
12,4091553 7,194729
11,6455707 7,3710312
9,0311045 19,4432798
11,0413346 23,048834
12,3484314 6,9955144
12,0603345 7,1252392
12,3048258 6,317128
11,8638765 22,8227137
13,7466312 7,055677
6,7774238 19,0163144
12,1986083 7,0110885
13,2981964 7,62657
11,8274101 7,3685682
11,8851423 7,0613025
12,4041823 7,0564912
10,2322384 18,6078269
8,6538471 19,0794452
11,3770037 7,2577905
12,1900922 7,2891875
11,8389056 6,8367347
13,1202361 7,5148483
12,7047874 7,7034197
8,8883248 18,747494
12,0293272 6,9013916
12,5855302 7,3808362
14,280222 6,0701634
12,9522341 7,6049823
13,4915812 7,484367
14,136019 6,8636485
11,511062 7,7675459
12,1108425 8,573823
12,2092845 24,0599722
8,2723522 17,5292133
12,9522263 7,4108258
11,6455128 7,2294316
12,6806614 23,6080359
12,4412192 23,0377963
8,4928858 19,0550508
11,1905775 7,2917256
14,1326188 5,8257499
12,9929099 7,4403268
8,9963882 19,1439473
13,1927245 7,8897584
7,8512258 20,1378955
13,7893591 6,8568924
8,8476762 19,2243203
8,1078363 17,9820088
12,6403009 6,4137211
12,8852995 7,1307713
7,2842444 19,3310763
6,9585104 18,2185578
11,8999907 7,8423939
12,9068236 8,5380202
12,0076487 7,1539983
9,1307039 18,8024585
12,6855284 7,4649325
12,3211724 7,4870805
12,0158527 7,2243243
7,6453543 18,7884336
11,8060843 8,2882847
8,3629374 18,7424957
12,8912155 5,9936196
9,2393789 18,6894691
12,1379451 7,8573388
12,9177511 22,9998315
11,06284 9,120923
12,2908731 6,6700575
13,2786559 7,8454654
9,0428271 18,590478
12,1388699 6,9926285
7,7434962 19,4483726
12,7357557 7,7041857
9,2692576 19,4608361
12,0118345 7,3838312
12,8554096 7,1846209
12,300974 7,3052586
11,5996766 7,5083955
11,8640874 7,4830037
11,4620022 24,1456226
11,0863667 8,3652517
12,3456034 8,1455652
12,9554959 6,9365977
11,0281183 8,4104475
9,0793914 18,1925722
12,3751519 6,0132172
11,1273927 7,4106161
11,6927353 8,1292452
12,3980191 7,6758415
11,9880317 22,2263892
11,8373901 6,7270391
12,5519485 7,7307079
12,6841776 8,0488498
11,9050326 6,6698217
11,0472928 7,9757993
11,1958079 7,1311408
12,4439759 24,353734
11,4323316 22,6044024
12,59242 7,6402598
11,2654824 8,0913294
9,1305314 18,6016733
11,2989188 7,473282
30,280222 39,5939325
8,392691 18,4541002
12,2781706 7,6929402
12,0047565 7,1855465
11,3909211 7,1267952
7,6906784 20,0774979
12,2353221 7,9446524
12,8410499 7,3271414
13,3402063 7,1006894
12,0110423 7,1595791
10,3798319 17,6323521
12,3731679 7,594014
11,3245216 7,2342356
11,7023183 7,9498071
11,4815885 7,9353638
11,3903452 23,5954299
12,5598079 7,2962693
12,0741441 7,5861928
10,0657943 18,8089243
11,8417139 23,5458006
10,6210276 6,992645
11,9438004 7,0056794
13,0556815 8,1744979
7,3480368 18,246749
12,5432468 7,6110967
11,9622464 7,9444534
11,1834452 7,1554447
10,5387958 7,6871393
13,2855662 6,8464174
11,2464841 6,5509274
12,1910912 8,1899782
13,5424083 23,8845269
12,0434829 7,3265178
7,5474591 18,6367568
8,4870635 19,0802412
11,1274272 23,5680585
9,1347362 18,2478232
12,0183379 23,6292058
10,8396405 22,9516408
12,6761486 7,1095616
12,1093992 8,0397641
13,4823909 7,5262912
12,3260097 7,1391099
13,0438666 7,6449503
9,332193 18,7515964
8,3667595 18,0407795
11,4952524 6,6984335
12,8892305 7,4687892
12,4979849 7,1654963
11,6302658 7,9314171
13,5786964 8,7561949
11,9164785 8,5086483
12,1755716 23,4127721
13,1686356 7,2320576
7,0206326 18,3851914
10,8361652 7,50769
11,2919324 6,9142819
11,2351555 7,6364226
10,4091811 24,0000702
12,444896 7,7622313
11,6531554 22,8961858
6,5991325 19,024678
11,129454 7,5676552
12,0767708 7,6327387
8,2889206 18,4747258
12,98383 7,4508438
11,9354911 23,8614303
11,5564778 22,2674762
12,9643177 7,0966868
12,5403972 6,495383
13,7335476 7,0558034
9,0838814 17,2628884
8,4798955 18,6950956
8,6846602 18,4108282
13,1980214 22,6267151
12,963081 7,6038318
12,1612481 7,0261743
13,1014253 7,1095472
13,0218168 7,9619136
8,4182042 18,5069324
11,1177652 8,2454268
12,2723945 6,816677
11,5692222 7,8185588
8,1410982 18,8098961
8,3589618 19,3677525
12,0648104 6,6678792
11,6054177 22,6929754
8,7624623 18,5703594
13,1932953 6,3396905
11,5839365 7,4317913
12,1536061 7,1666496
12,936334 6,7415383
9,2831189 19,764796
11,3455733 6,749132
7,5392579 19,1857506
12,409248 7,5528198
12,1530542 24,1301958
9,0420907 18,3904142
7,7081905 19,1477286
12,8127428 7,5780764
8,4905252 17,6929889
8,1727371 17,5620401
13,2243692 6,977337
7,8855346 18,6590004
12,4845738 7,441851
7,9924277 19,4522367
7,6987588 18,569939
8,3373618 18,9763117
8,3637322 18,0611888
7,379253 19,4564107
12,6764569 7,703869
12,2202419 8,8072181
11,127115 7,7342011
11,6918458 6,9717561
11,552914 7,2307411
12,1701007 7,7488036
12,9072761 7,1392528
7,3641218 18,7283471
11,3502909 22,2866851
11,5830702 8,0000086
9,6598868 18,6275227
12,2083432 7,6002196
13,4319697 7,8220588
12,1363571 8,4830721
11,9537982 7,9526422
11,4066995 8,1577256
12,5422075 6,8084702
11,6238512 6,4191541
12,3970972 7,5015948
13,575008 7,8706144
9,0849632 18,0821621
11,2164852 7,4052617
11,2783392 22,9164192
7,6782822 19,8041717
9,2557293 18,8259497
12,7459038 6,9162365
12,4377193 7,0060747
12,0371787 7,9475012
12,893419 23,3026608
8,488033 18,0986204
12,737082 7,0583632
12,621141 7,4946862
8,5806022 18,7051427
11,4910764 8,2579825
12,2947708 7,4265696
11,683834 7,1949385
11,3729884 7,4065204
11,9999808 7,2028013
12,0675745 23,1114223
11,1546428 8,2932147
12,2767252 6,9556353
12,1237273 6,4833355
11,6567309 7,5688512
12,1423726 7,0205545
9,351969 18,3315427
12,2059136 6,7706779
8,1709481 19,0938747
12,6583069 7,3813761
12,0349944 7,9338295
13,0530264 6,9341498
8,223757 19,8207217
11,845572 6,4284048
11,5741855 22,2108468
12,167662 7,9789317
11,7440477 8,1001928
13,1763286 7,1183213
13,2496068 8,2210856
11,1131645 7,8980974
9,5434897 18,4232491
8,019486 18,8175038
13,1048026 7,9379706
11,7049041 7,0213484
11,5403503 6,8257556
11,1560021 7,7404516
11,1661141 7,2861375
13,3816837 5,9980467
11,6690596 23,1164237
10,9990392 6,7839323
12,4835989 8,6034205
12,0179896 22,8003407
11,6415178 6,7053904
8,6628003 18,9497112
8,5341948 19,0137391
8,5953586 18,8542427
12,9305546 7,970414
12,6637177 7,4752621
10,4469742 8,2962488
12,2269244 24,2391634
12,8875524 7,3743112
12,3666528 7,7984173
12,7206561 6,8057873
10,939064 6,945852
9,3164337 18,907185
12,8364341 7,0834579
13,3808195 6,5027948
12,9877983 7,4237189
8,4126131 18,7712081
13,2116784 6,7897818
12,2515375 6,5353688
11,8661517 8,1388366
13,4550178 7,6716734
11,2902534 24,0326212
11,4515415 6,509523
13,7439737 7,5343612
11,6899813 24,1477635
12,2700327 7,0671286
12,1796794 6,5758272
12,721992 8,0075425
9,2216269 19,5511028
8,5135514 19,6878769
12,8285475 7,102146
11,8326905 7,3620418
13,0740569 23,2321974
13,2059528 23,5947283
11,4592798 23,0527074
8,462286 19,0641335
12,410958 7,2004625
12,2086422 7,6349854
11,6814417 7,8752185
11,2430563 7,3397478
12,0693329 8,5936958
12,9917333 7,7018388
11,7753136 23,3055614
11,7901401 7,4735958
11,0369336 7,2034277
11,238012 23,6551129
12,753805 6,9264088
12,1525784 6,8798827
14,2320737 7,3715064
11,7725456 23,9390713
13,558497 5,9939197
9,1889947 18,5009359
11,8823088 6,4551471
13,4298647 7,3247723
12,7192045 7,7407985
