3.00704477 28.70312356
3.25643518 28.84079811
3.02884855 27.74193544
3.47481965 28.57027782
2.78883184 29.24464379
3.03761306 28.86652539
3.12683411 28.69474682
3.57277995 28.99406103
3.58126058 28.56452582
2.96516343 28.31693307
3.74423896 29.13585045
3.21914962 28.76007062
3.42032325 28.40460008
3.00431946 27.89238251
2.67507658 28.54979674
3.67077369 28.31434856
3.75351027 28.63498481
4.09782659 28.45968269
2.73220662 28.66169737
3.33968689 28.69207033
3.79454969 28.57853601
3.44386261 29.03225983
3.84958412 28.03050768
3.32896298 28.04992921
3.08597688 28.05135628
3.02504711 28.37372759
3.60340137 29.27694592
3.46246656 28.90944025
3.51423769 28.08954239
3.55822693 28.73396328
3.49934357 28.76334566
3.22522610 28.78155585
3.90353886 28.75611353
3.75984023 28.86830257
3.13132991 28.70181840
2.94138069 28.31973558
3.09540207 28.64815158
2.81633899 28.35041899
3.17329435 28.32767382
3.26691599 28.79826380
3.76559724 28.11583172
3.14277711 28.22433540
3.85490622 28.70864503
3.61685988 28.60959951
2.91518654 28.74259096
3.06382240 27.94385057
3.51822277 28.81970710
3.22431113 28.89044480
3.67442943 28.69326743
3.21341315 28.52263913
2.97791133 29.04904313
3.19326905 28.55588775
2.41769229 27.43361645
3.31998957 29.45595137
3.84021112 28.17210497
3.38340570 29.21129905
3.24365991 28.77928362
3.04308372 28.76779675
3.36297162 28.72932380
3.85659864 28.80804631
3.68034822 28.57026001
3.73538999 29.36535132
3.15175091 28.87560262
3.51180670 28.68063563
3.62117158 28.99006318
2.95499891 28.46994815
3.46027046 28.21507897
3.68203825 29.16307494
3.55605197 28.75664380
3.73602380 28.43906303
3.61918212 28.73817272
2.93291516 28.12923699
3.12492651 28.37573807
2.95619619 28.43819900
3.65488635 28.96745245
3.10816123 28.79726452
3.34870152 28.75257268
3.43990877 28.05849772
3.76789597 28.88506946
3.14542021 28.82561433
1.77323609 29.33418695
3.02860762 28.75639110
2.79801894 28.50762165
2.64641149 29.23863831
3.71623764 28.70483243
2.87994691 28.18186223
3.68127809 29.10049149
2.95079955 28.62233754
3.21670987 28.38125864
3.75633936 28.28303892
3.52537867 28.85971264
2.37352026 28.88296887
3.52683312 28.39123891
3.89769236 28.18893486
2.98335257 29.20839024
2.70138807 28.30341380
3.61387852 29.19913582
3.30664195 28.56508912
3.96456718 28.13466014
3.69719768 29.44207825
3.31699943 28.90408237
3.14949625 29.00941409
3.43102645 28.51370299
3.89457706 29.28095786
3.85295300 28.25626239
3.37199255 28.46864891
3.26188207 28.76392776
3.45975892 28.51229260
2.75686480 28.92482820
3.02984147 28.23913813
3.47200660 28.08730143
2.81310453 28.32740509
2.92162825 28.91887262
3.79029237 28.33497324
2.96097599 28.90849384
3.44204037 29.18353833
3.37610226 28.62369170
3.71275755 28.81286766
3.01029128 28.23040427
3.24985080 27.83789424
3.63792165 28.67006517
3.76460951 28.43470914
4.05268603 28.51507448
3.48140823 27.65252164
4.13781373 28.73461755
3.73824832 28.65402033
2.40724611 28.84360713
3.27505725 28.88055723
4.14797474 28.63423628
2.94611189 28.58633377
2.75395693 29.33390866
3.35705413 28.88898210
3.82084338 28.74120347
2.93104734 28.49745733
3.56194911 28.97802454
3.11880603 28.30846833
3.60574043 28.99207106
3.55814782 28.44335563
2.82816827 28.40713473
3.46283043 28.77452555
3.26288916 28.88360085
3.31896321 28.17578716
2.77117178 28.69956028
3.07059099 28.67786986
2.74388468 29.08457366
3.24841489 28.78526201
3.19278285 28.44091300
2.84174647 28.48486555
3.21354572 29.00102298
3.65558978 29.30043520
3.82677824 29.00408048
3.06229399 29.46483636
3.73342884 29.34766279
3.49510322 28.74570773
2.96670021 28.61637472
3.18459518 28.51525613
2.85479462 28.77966433
3.52159207 28.71015138
3.02200293 28.91305414
3.06348352 28.46163445
3.24744143 29.05421130
3.17088939 28.20156587
3.93060556 28.62714505
3.84338018 28.64316690
3.75413688 28.51079587
3.40691829 29.18783318
3.00613213 28.48870328
3.78532741 29.09215994
3.55475026 28.26823563
3.19520995 29.00705057
3.73744838 29.40635568
3.36872555 28.55762101
3.71032035 29.14809848
3.21642210 29.08869414
2.99225370 28.96745248
3.74434504 29.69916217
3.24871930 28.82108217
2.62621836 29.11274198
3.43749533 28.29565769
3.63172807 29.05009417
3.72931785 28.90693250
3.73042293 28.40804040
2.65263338 28.48309921
3.34333690 28.76975803
2.91500914 29.50134774
4.20101889 28.67882671
2.99771130 29.00740872
3.24017907 28.02942812
3.05043598 29.36678973
3.73587518 29.09338182
3.09833209 28.18186232
3.91256903 28.88757274
3.64448098 29.40310235
3.34307722 28.45308788
3.43163322 29.52917954
3.53512708 28.18415242
3.89794766 28.77317603
3.49556247 28.10609751
3.58385683 28.62458432
2.76725923 28.37466194
3.64827126 28.70156727
3.15688375 28.81171676
3.42015901 28.05914410
3.03384678 28.51477520
3.01722342 28.52112307
3.68547682 28.57672896
3.13009848 29.56425847
3.39398010 29.03663156
3.65026255 29.05258708
2.71823234 28.22803559
3.31122694 28.68907130
3.00775705 28.01084500
2.74447154 28.98247205
4.42090977 29.08779672
3.83053646 28.42979762
3.12713031 29.16890931
3.49766347 28.37904454
2.86439033 28.61896847
3.79189220 28.92808586
3.36869036 29.03548123
2.96849702 29.48732362
3.81876174 28.68624706
3.18338173 28.64039128
3.72418860 29.33165069
3.09474725 27.93203269
3.37458472 29.26617036
3.46432641 28.94540717
3.78116926 28.94227260
3.21098325 28.71156200
3.77545402 28.42274111
3.21270802 29.31749795
3.83794669 28.38805609
3.52918130 28.30836357
3.97504548 28.42543261
3.17014579 28.72046867
2.81703257 29.04816548
2.93769634 28.87457192
3.54451789 29.76182184
2.62395718 28.81476047
3.66107370 29.04668064
2.99783351 29.75302359
3.76110208 28.23146259
3.95992100 28.55922213
2.77460780 28.53461154
3.71057130 29.20884477
2.69035059 28.57155888
3.46048706 28.60666126
3.66833888 28.82080743
3.74953458 28.48836689
3.36454883 29.19373423
2.67273066 28.38803788
3.26676513 28.74453952
3.10163119 28.83025286
2.80672326 28.95788882
3.23328802 28.94512080
3.03881247 28.45331403
3.50987274 28.71638537
2.98663988 28.99811930
3.46711462 28.65929156
4.14597010 29.01754942
3.57433117 29.14361828
22.97864927 19.62046934
23.52889942 20.01156687
23.05360640 20.33578264
23.08016300 20.51879485
22.85238063 20.30636160
22.50552628 20.61366718
22.88980512 20.86545347
23.98364520 20.85044413
22.51454227 21.14092120
23.25366001 20.88754600
23.86148174 20.54248353
23.62983657 20.44420032
23.16862107 20.67320562
22.84189752 20.01387881
23.08553720 20.89147868
22.97167423 20.50947687
23.45589637 20.58704803
23.25970242 20.49038766
23.16201528 20.84595382
22.26979166 20.37551815
22.98844549 20.23323152
22.94863190 20.06491516
22.96970643 20.18973660
22.58583690 20.38965794
23.39247490 20.72228772
22.77746059 20.64270147
23.41542750 20.45193725
23.30607871 20.07003655
23.61352373 19.97518953
22.79266327 20.63230587
22.72850029 20.87459146
23.37713336 20.14000731
22.35064065 20.15560034
23.09166373 20.61666342
22.88306626 20.56092695
22.90770238 20.47154391
23.21465773 20.77224040
23.43786121 20.83921806
22.89094966 20.10279731
22.91238554 20.95796903
22.45945749 20.03437208
23.31727552 19.49975181
23.33526798 20.71358179
23.07653583 19.80580210
22.56224794 19.74941756
22.42950009 20.30654569
23.09384788 20.13639952
23.65764394 20.34381186
22.42964196 20.26604783
24.00141448 20.32405135
22.68933030 20.48802740
24.05906783 20.31901895
23.15905921 20.89891284
22.65476775 19.97498790
22.82582426 20.16718975
22.96070286 21.04128583
23.27932690 20.38520561
22.43628025 20.29269992
22.31789617 20.39077377
23.03867306 20.41364728
23.18457399 19.84152475
22.76289523 20.81630387
22.86276077 20.22427482
22.99457500 20.04722396
23.81611975 20.91880002
22.71818870 19.83356134
22.41161100 20.20980444
22.61977939 21.20290349
22.19501486 19.51620142
22.72851456 20.04080618
23.52723197 20.29892539
23.18554240 20.94908321
22.97801973 20.56123456
23.50513967 19.87543700
23.28943486 20.06392964
22.71508595 20.71479350
22.91578148 20.47276614
23.08312668 20.46536447
22.76881329 20.06269140
23.14671472 20.43269717
22.98172143 19.65029677
23.05682051 20.47713515
23.07713080 20.54456347
23.55665235 19.76237865
22.62318783 20.71616139
22.95441663 20.55692901
22.66016855 20.71872178
22.98607542 20.19485365
22.78514949 20.78166998
22.98343386 21.03167058
22.30432892 20.53610760
22.04081745 20.60964452
23.21664440 20.25696797
23.40464463 20.42594790
23.63159050 20.56685777
22.58106863 20.62383041
22.70126286 20.34269685
22.94362963 20.72686163
23.16974891 19.80383118
22.79736988 21.04372281
22.78401512 20.68340521
23.27260630 19.89082052
23.38668784 20.37002670
23.05081885 20.32366892
23.81253673 20.91127505
22.18907398 20.53353959
23.08635937 19.99645502
23.21563430 20.14636432
23.24427150 20.82224023
23.14063205 20.11751111
23.38723014 20.69650268
22.96254279 20.23062154
22.78844768 19.87853787
23.43313868 20.91889976
22.51786451 20.37048527
23.16097949 20.42438318
23.07225275 20.03889279
23.10664540 20.06481684
21.92520791 21.01807095
22.84019208 20.53727722
23.71560506 20.46230282
23.44527774 20.55742590
22.84190966 19.98190684
22.61848880 20.70770810
22.48323428 21.01918945
23.10949384 19.56051960
23.52021276 20.81582014
22.38616609 20.48519833
22.36296527 20.80295833
22.76845883 20.64195005
22.86720433 20.62861115
22.24810470 20.06823856
22.47088755 19.99205522
22.78271278 19.99667358
23.38418832 20.61655732
23.19225171 20.52459181
22.97700111 20.06530045
23.30091928 20.79749641
22.82638344 20.39513422
22.35947350 20.54099355
22.93652114 19.84435153
22.71449502 20.38739568
22.22781984 20.17488140
22.54236137 19.97696767
22.46219254 20.09441992
22.61313563 20.26405577
23.32673789 20.65602898
23.27862888 20.47057965
22.85034730 20.86142200
22.80678836 20.52892763
22.88592054 20.07556993
22.71265944 20.37082861
22.44943263 20.34182552
22.93930560 20.18065006
22.97322229 20.04953402
23.28395365 20.56540501
23.30103920 19.76968901
22.49703487 20.60654050
23.30323274 20.63651812
23.02715034 20.41763143
23.71871049 20.33620013
22.67449085 20.28789247
22.52793569 20.59270073
22.88253944 19.94785498
23.16935906 20.18885434
22.94112109 20.83453347
22.86211132 19.83745762
22.94556347 20.55184995
23.07127742 20.21481860
23.23807805 20.51137960
23.14691318 20.47990285
22.97106920 20.42871661
23.44863935 20.00931130
22.88786264 20.93653346
23.42893404 20.74849602
23.53922201 20.75743241
23.01418015 19.72534375
22.97304189 20.26229475
22.85927987 20.27775463
22.91623519 20.07021895
22.41464417 20.39197323
23.06968139 19.86673046
22.92731747 21.10786020
23.25426930 20.81588755
22.63435495 21.13029914
22.83455344 20.73090643
22.90873140 20.02934437
23.50144636 20.39176283
23.32696308 19.55247292
22.92129228 19.79477846
22.32562036 20.50324305
23.30977249 20.25028523
23.08713302 20.80440798
22.91026624 19.45150270
22.91625120 20.48586903
22.97989050 21.12541683
23.14511974 20.27631201
23.08346220 20.90151495
22.12513192 20.92659749
22.70362595 20.82192441
23.72054202 20.03062732
22.65020449 20.49631532
22.48890847 20.33411375
23.04927664 20.42690444
22.32706160 20.79062885
22.90626109 20.14839378
23.05151545 20.40563182
22.26371274 20.26983507
23.40278520 20.65810358
23.32533279 20.01207307
13.07319805 3.19606274
12.92481065 2.91383566
13.80111588 3.19703222
13.48403939 3.35276207
13.61684680 3.30334866
13.14612476 3.03302861
13.71932732 3.23922136
13.11988058 2.91006639
12.81105121 3.07207746
13.56542226 4.00500081
13.55927320 3.75535644
13.25315229 3.16637878
13.67117598 3.07997198
13.67138457 3.55621928
13.50237611 2.92180080
13.37605418 3.75311779
13.19555318 3.10002787
14.07981550 3.53362418
13.76868598 3.25195325
13.52755056 3.70122292
13.15748480 2.86341239
13.44459840 3.43863032
13.15484241 3.27381968
13.54321711 4.14186847
13.12933550 3.26542633
13.19091896 3.84299795
12.64181458 3.28172566
13.39378484 2.90637046
12.78677181 3.66007390
13.17228084 3.36674160
13.43016526 3.23872479
13.47745972 4.03737374
13.12340663 2.87097799
13.01484559 3.34742650
13.71015190 3.24676521
13.32393579 3.30937862
13.31433726 3.62287278
13.65254101 3.04672833
13.78463516 3.81057282
13.81603956 3.42703701
13.78210311 3.05296975
13.66121220 3.36349595
14.09380862 4.22340040
12.93299389 2.85623873
13.48166799 3.50914824
13.51174279 3.20790062
13.49470568 3.24837102
12.79676379 3.30379760
13.37334718 3.24501571
13.48850974 3.20282457
13.79973783 3.94799615
12.62566490 3.24628950
12.89024008 2.58099195
12.88071138 2.83422793
12.99662943 3.33233956
13.43412723 2.64818152
12.88162937 2.92826966
13.11120197 2.70922206
13.83932264 3.01703136
13.13598098 3.58494899
13.30822921 3.09819497
12.72163625 2.56402385
13.41984580 2.88250872
13.06705074 3.52039261
11.97229832 3.43267631
13.74174391 3.80012093
12.81242182 3.05185250
13.75782067 2.97702297
13.45111351 3.50381302
13.43238598 2.78329627
12.91203195 3.56271875
13.18080457 2.76586178
13.53047795 2.74149992
14.19909183 3.23464786
14.07169783 3.41333305
13.41994049 3.62417953
13.14563922 3.62451353
13.16518825 2.99331058
14.07342363 3.09616112
12.59238137 3.84856400
13.51612493 3.64514871
13.64951837 3.17654809
13.87900486 3.01642865
13.84305011 2.89910878
13.30369670 3.57217310
13.77941804 3.01632203
14.34154295 3.35808847
13.35508969 2.80315993
13.51101760 3.21303841
13.18336521 3.15050407
13.25255268 3.70433769
13.08484413 3.58513436
13.74392616 2.92955907
12.97312676 3.33475162
13.00241138 3.91516580
13.31714871 2.50805964
12.94927933 3.00523467
12.65019113 3.49559046
13.73330609 3.08167292
13.29530545 3.65769073
13.46533831 4.10664910
13.24360715 3.19006434
12.86514435 3.03877531
13.44554533 2.99559230
13.33588649 3.06715577
13.06876440 3.85049144
13.89366095 3.04539696
13.51288539 2.77734084
13.12844194 3.85347719
13.01793870 3.10951440
14.10311462 2.53267855
12.80677582 3.25525535
13.04084369 2.83551493
13.19830239 4.28807621
13.25404527 2.65116755
13.39179205 3.52032367
13.76494602 3.50137823
13.44575559 4.06759543
13.50790602 3.00672699
13.92408780 3.41898246
13.49312995 3.15777924
12.92664372 2.80535413
13.07620339 3.45076725
13.15518538 3.57758750
13.64928942 3.89728720
13.97526773 3.41723436
12.83031880 3.01497801
13.50700267 3.02558238
13.23906695 3.12458276
13.36923492 3.19262513
13.08226950 3.92250280
13.27738845 3.51696173
13.06675269 3.45289547
13.17231813 2.99813585
12.67301662 3.70139248
13.29700085 3.89569595
14.15150683 3.50514279
13.44836961 2.82864819
13.85384947 2.81154596
13.44316967 2.98346485
14.17945226 2.80389250
13.36052491 3.16827264
13.50753612 3.49647401
14.03304854 3.19097896
13.28972550 3.51394029
13.56399562 3.65437687
13.02952554 2.87579429
13.77650065 3.30955875
13.38327530 3.11767713
13.17933812 3.42082003
13.62097625 2.78583233
13.02925477 2.81150487
13.22545040 3.84124006
13.59381461 2.94116183
13.42912395 3.25953253
13.42267467 3.00315614
13.04459965 3.54580397
13.20396086 2.93378492
12.83550194 2.76382328
13.66069982 2.72880132
13.34848019 2.90069782
12.32421906 3.08892146
12.29143377 2.77878685
13.24335484 3.59612083
12.81944224 3.28385231
12.98416549 3.93972861
12.86459420 2.80420780
13.54438393 2.93919042
13.24745087 3.18197080
13.66078063 3.14568987
13.25152300 3.20883981
13.36200261 2.67270717
13.25634468 3.58051781
13.22998997 3.22932084
13.60321444 3.37945940
12.93002413 3.29966332
13.25034215 3.62164952
13.60147542 2.31839738
14.32598649 3.52262619
13.02990710 2.93467588
13.85893592 2.95973939
-29.56380861 2.58124992
29.86346294 19.11538422
-19.40199522 8.99458455
1.97351540 -20.07384335
-1.53390656 20.41431856
-0.06237453 -25.95980966
-26.59800083 -17.24489245
9.05111844 -3.63556200
