49	13	58	17	3
24	97	42	36	95
24	62	4	91	96
25	94	40	56	18
83	10	20	72	57
100	56	68	55	28
16	10	24	46	9
56	10	9	32	72
94	10	90	25	87
28	3	13	78	5
7	7	27	58	95
27	57	53	85	99
17	86	55	95	53
50	58	99	83	12
98	19	40	48	71
60	42	1	65	5
51	13	14	75	28
66	21	14	14	80
48	83	66	77	54
60	84	39	43	24
29	83	3	48	100
56	33	47	62	70
100	15	88	95	52
4	35	31	68	38
64	64	63	5	99
55	66	13	51	84
48	99	43	58	48
36	93	61	80	62
45	17	63	76	72
87	42	10	50	58
83	49	87	71	99
82	5	56	64	47
35	37	25	20	66
90	48	65	59	8
73	18	77	19	86
75	30	29	81	82
52	28	81	6	47
54	68	84	7	51
80	8	34	20	96
44	47	33	7	38
16	93	72	53	33
99	17	92	16	98
72	65	85	56	59
68	90	100	100	60
3	71	3	92	49
36	85	58	49	25
15	59	43	8	67
34	26	23	86	13
47	28	95	92	53
38	65	24	73	58
59	17	9	96	45
65	52	63	28	100
32	54	94	79	38
12	17	21	29	16
24	55	79	83	85
95	48	5	14	32
16	90	43	1	97
29	14	22	82	36
9	66	94	20	62
83	56	84	17	74
44	34	19	24	33
54	74	56	87	24
23	99	83	38	98
44	9	83	62	26
20	59	63	22	93
20	11	30	38	9
41	50	37	26	49
34	66	76	30	88
100	17	87	2	54
79	35	15	43	32
20	78	60	54	57
67	91	67	12	32
76	60	15	31	4
49	68	73	82	14
54	23	39	31	91
1	78	86	18	95
40	72	94	59	30
81	69	61	86	52
17	86	59	43	48
78	84	53	38	85
42	78	59	86	20
24	97	28	75	8
74	55	51	17	71
18	6	92	14	91
86	39	77	48	30
27	74	5	45	24
100	44	14	37	22
16	47	88	67	47
75	36	34	77	71
77	41	32	47	81
40	48	92	64	51
32	23	94	44	6
61	9	45	58	71
2	54	94	21	41
5	70	1	61	68
100	22	97	76	16
66	23	94	17	37
13	3	44	100	27
29	70	45	92	97
57	12	79	8	64
81	82	9	76	27
86	73	9	45	21
66	19	29	21	77
31	5	1	2	74
66	13	18	66	16
84	29	94	33	19
27	96	56	97	33
62	62	85	28	52
5	42	30	92	87
72	2	86	35	55
11	95	9	93	94
80	85	47	20	80
23	49	83	84	67
20	67	33	43	20
8	74	87	97	68
21	25	31	38	43
83	76	36	59	57
47	86	13	26	49
80	9	71	48	46
80	72	53	25	5
33	47	60	61	1
91	49	81	82	23
98	33	30	59	56
53	39	94	65	96
27	67	8	67	52
66	69	67	98	80
14	40	73	43	76
19	59	26	59	89
91	99	49	71	73
68	47	39	36	35
77	2	3	13	88
46	51	73	86	89
68	42	21	29	39
62	99	33	30	93
4	65	37	84	66
94	74	57	82	43
19	88	22	11	76
94	11	57	96	97
39	44	34	72	86
97	88	52	99	46
82	22	5	88	95
50	85	1	65	63
3	17	66	64	49
93	86	89	55	45
72	19	2	29	68
5	91	3	72	72
29	56	40	52	14
51	40	55	82	81
2	86	41	85	65
68	87	3	21	2
26	79	17	15	46
26	46	23	14	20
27	82	40	43	60
59	82	97	4	57
40	61	56	58	68
96	88	96	42	15
23	25	91	40	87
11	30	11	5	32
28	17	66	39	29
41	40	8	10	6
16	22	68	36	85
8	22	98	20	88
88	38	53	41	14
98	64	46	89	16
31	22	75	79	27
62	48	29	79	64
54	80	91	64	5
33	48	81	84	28
10	18	53	29	2
19	90	4	67	12
64	56	70	35	11
9	33	32	54	1
94	45	39	22	12
59	30	84	90	99
63	42	68	37	7
11	52	66	75	16
39	33	28	57	6
59	65	36	12	8
12	3	71	81	99
34	28	46	19	62
2	67	11	94	98
57	96	39	58	73
35	68	81	67	16
93	36	89	47	9
52	57	65	95	72
34	97	21	61	16
1	95	14	88	95
63	58	23	85	78
46	16	22	86	32
90	65	29	15	5
88	73	4	78	59
73	94	80	70	64
13	84	99	10	30
28	30	52	9	1
22	21	24	95	42
93	60	20	94	41
29	43	40	45	96
69	67	1	25	72
1	79	93	76	39
41	1	39	48	41
14	2	78	37	20
14	73	79	47	92
2	85	81	82	31
42	80	93	76	90
76	82	83	54	34
57	83	20	97	91
75	17	69	61	33
85	25	43	20	9
41	74	17	40	34
37	3	84	36	97
26	27	10	79	54
56	73	23	82	78
49	72	34	25	77
52	99	86	90	94
71	63	41	84	28
100	70	64	61	39
31	20	59	6	42
89	7	8	68	100
23	100	36	79	5
81	49	57	5	66
38	89	34	21	94
12	45	100	26	62
72	32	15	54	10
20	23	12	49	81
13	94	24	90	19
78	58	97	43	52
92	69	88	59	99
57	84	72	56	75
35	46	64	99	73
83	77	38	8	71
90	54	45	21	35
98	60	87	65	33
78	87	96	9	16
27	90	80	29	45
9	29	51	76	12
69	21	28	12	27
61	38	80	37	73
42	24	73	71	17
12	72	33	96	50
32	35	40	44	80
10	83	33	8	95
90	43	78	64	17
13	98	65	62	17
28	69	14	38	78
22	11	89	75	19
2	61	29	45	61
35	40	47	13	34
65	58	99	85	10
21	36	26	92	70
99	45	26	24	16
85	92	67	36	13
44	31	7	40	35
88	70	17	21	66
76	27	55	69	4
78	80	28	13	75
63	55	25	91	28
72	77	14	46	53
10	29	11	10	14
17	33	87	5	45
58	12	74	68	74
58	15	60	91	100
59	67	64	37	65
62	81	34	13	15
12	14	40	91	40
76	37	34	21	32
60	29	25	53	85
68	24	48	66	22
89	52	42	12	46
12	93	8	61	70
21	60	40	77	94
33	85	72	80	24
18	63	9	69	20
13	3	17	77	45
50	58	11	49	76
40	35	90	21	52
75	23	87	34	49
59	13	77	8	79
100	33	1	48	36
39	30	74	74	9
7	18	22	49	88
32	61	67	37	66
30	74	22	83	74
1	76	50	3	61
6	28	15	6	3
12	94	17	16	83
64	44	67	41	91
4	77	10	93	71
22	93	79	57	6
64	56	43	73	66
55	70	53	67	59
13	43	14	35	17
90	38	32	48	75
87	60	16	21	89
23	62	64	1	98
12	95	75	4	22
83	15	32	42	27
96	61	56	2	86
90	39	36	69	31
89	93	87	66	73
79	57	37	2	44
29	38	90	66	29
90	39	55	90	37
50	87	16	50	49
43	60	30	30	31
29	73	9	23	85
79	41	67	89	13
42	16	27	81	24
81	49	20	44	37
28	82	96	55	91
67	12	80	22	25
55	51	46	81	25
47	43	56	14	2
80	50	65	68	100
88	44	27	30	34
64	26	73	69	70
74	66	44	16	84
80	25	75	85	2
52	44	61	39	18
38	100	99	61	13
84	32	32	63	29
78	21	13	9	27
4	20	34	93	51
84	6	86	67	68
73	12	16	52	24
81	63	98	49	15
67	82	41	40	48
19	29	10	47	13
45	59	2	46	13
96	77	75	55	81
61	21	69	73	50
98	96	71	4	34
24	73	45	70	18
63	50	51	18	94
84	11	73	68	55
64	17	59	88	67
98	69	78	53	47
27	26	11	26	7
7	55	63	4	93
95	46	72	55	90
81	13	62	32	68
97	35	98	78	8
45	56	30	43	29
19	42	46	53	54
77	75	83	18	13
80	95	80	93	72
6	10	52	44	44
20	18	33	71	58
84	11	43	75	45
8	17	11	67	87
56	90	32	58	94
42	47	31	61	68
22	35	3	88	49
9	64	77	21	23
32	28	69	59	53
84	65	43	57	85
35	7	37	44	39
23	10	84	57	43
70	25	76	66	73
55	14	21	97	34
12	5	52	55	5
87	76	100	26	52
52	16	15	50	75
28	7	27	26	64
5	80	37	77	35
46	58	6	39	1
78	66	44	58	81
42	31	64	87	81
99	44	58	96	100
15	44	16	68	18
72	96	22	93	11
31	71	19	5	61
2	59	45	67	3
64	5	98	41	20
58	96	80	24	61
8	70	75	3	73
34	100	75	57	8
53	6	6	83	64
48	67	49	93	36
44	99	96	34	81
97	21	73	10	98
76	92	23	53	46
56	29	79	26	43
28	63	97	12	88
21	14	49	78	27
92	66	76	57	91
29	28	87	39	26
47	59	82	38	97
44	85	7	15	52
25	89	23	40	60
82	28	90	1	36
92	53	3	5	54
1	97	81	54	86
58	71	85	20	94
96	98	51	7	80
77	58	39	72	15
17	17	83	71	26
68	87	8	4	43
95	69	70	44	87
32	18	11	84	18
83	89	18	73	48
8	96	29	32	64
29	73	33	17	93
46	7	59	75	89
99	19	52	9	43
5	3	1	90	7
36	100	88	79	5
16	82	84	58	76
26	54	29	28	30
4	35	30	21	23
55	78	56	63	8
72	9	53	11	56
3	40	27	99	28
50	10	53	62	44
55	34	50	33	50
18	68	58	59	91
88	26	92	63	81
51	8	58	2	80
40	35	19	41	36
78	65	3	95	77
14	39	29	93	87
19	42	48	100	62
94	65	21	48	71
1	59	42	90	36
95	99	97	17	21
85	68	82	46	77
84	65	4	38	97
99	7	23	9	41
32	38	63	87	28
25	31	83	72	70
23	98	43	6	99
89	6	59	2	6
21	47	62	69	33
53	33	80	29	28
65	59	96	46	63
72	4	68	20	74
97	22	17	80	76
94	48	73	72	26
4	28	20	51	85
88	87	42	96	29
87	70	35	46	31
54	34	18	60	52
30	51	3	66	67
18	38	15	50	23
5	3	8	28	63
7	70	99	49	66
17	17	80	95	36
54	18	49	44	66
5	67	53	42	48
36	51	11	35	86
84	70	21	7	69
68	11	90	31	100
74	75	16	60	94
11	47	89	83	30
96	74	35	56	90
96	81	89	24	85
82	93	7	52	21
2	55	89	35	100
79	8	94	23	65
12	11	99	85	59
77	41	75	36	37
19	49	1	52	8
93	24	100	11	21
92	80	2	2	46
3	53	63	65	60
63	36	80	60	18
51	80	78	3	32
34	34	15	36	73
66	20	50	27	15
6	34	86	62	89
44	30	64	33	11
22	30	97	91	65
21	90	64	41	79
69	62	8	83	69
2	1	31	14	1
37	37	28	81	55
86	17	98	91	54
81	46	49	58	69
66	68	72	93	46
14	78	10	21	13
99	21	30	9	67
45	43	8	64	27
68	96	35	17	7
9	87	29	6	67
44	56	91	49	16
56	56	61	25	74
61	25	66	98	51
46	56	57	1	3
71	27	90	38	22
65	58	18	90	28
91	53	60	37	96
14	27	17	59	60
40	81	67	34	16
2	90	93	58	30
90	7	86	74	39
54	90	79	99	49
28	1	87	49	93
44	89	47	31	94
97	35	66	46	96
65	96	84	16	74
70	97	2	22	46
83	32	21	68	61
73	88	49	18	59
76	87	6	6	70
85	58	6	20	72
34	28	36	92	10
48	56	56	21	39
66	92	49	44	79
79	91	46	92	25
33	23	42	76	23
17	74	95	15	53
74	97	10	20	79
99	18	72	7	8
61	86	37	21	85
96	4	44	86	20
8	13	9	23	85
58	44	52	46	26
59	28	75	98	81
62	42	83	90	94
74	25	71	6	5
2	65	86	85	50
65	24	77	75	74
58	37	78	22	20
73	42	35	22	58
91	31	43	1	82
40	39	78	26	71
67	9	38	66	51
7	28	9	61	36
90	75	67	68	7
11	24	95	44	4
83	89	16	75	14
18	12	55	65	95
33	97	32	47	32
82	39	89	62	77
39	54	42	16	43
78	99	47	88	4
86	46	69	43	43
8	2	44	92	25
11	31	23	42	86
39	76	86	87	100
21	47	49	59	91
23	42	95	78	47
76	8	57	13	27
88	89	52	65	75
83	26	99	42	15
34	63	73	2	61
14	68	4	52	30
3	28	1	41	61
40	58	85	99	55
7	54	25	32	46
68	57	37	64	34
12	94	64	65	69
36	95	63	100	51
77	99	58	94	23
13	34	54	43	11
91	79	83	13	31
11	38	44	63	11
53	29	61	55	63
63	7	21	92	50
32	43	33	17	76
11	35	77	25	89
61	24	19	83	99
52	49	67	38	9
31	26	13	47	25
71	58	73	58	61
37	54	6	13	12
59	85	28	80	63
20	85	53	75	96
32	60	1	71	81
74	24	90	18	15
21	80	8	59	37
76	15	33	93	13
80	94	65	95	83
22	41	88	13	79
70	7	27	50	38
99	99	41	57	36
36	53	51	20	64
85	83	61	46	37
58	22	6	38	41
39	33	4	66	70
10	99	99	27	70
19	22	66	81	26
41	68	45	48	68
76	49	70	9	28
15	90	14	63	88
99	3	78	7	79
23	84	38	90	19
72	53	2	60	56
13	2	83	58	27
4	52	58	72	39
74	74	66	13	52
48	63	44	48	87
5	19	47	93	63
43	90	60	92	3
40	55	53	9	37
22	30	25	28	1
3	57	48	10	20
80	84	38	92	22
26	34	14	96	15
99	41	64	11	27
37	26	56	74	86
22	20	56	61	47
57	91	74	84	85
72	78	36	82	39
38	93	17	13	67
96	15	17	88	74
12	77	32	46	49
6	55	62	29	97
57	42	98	7	12
36	9	41	77	5
20	64	100	73	50
23	48	90	13	61
38	49	79	57	77
83	20	18	73	41
66	51	42	31	64
64	17	70	33	8
97	36	63	19	18
92	100	70	59	95
61	63	59	13	61
96	48	90	10	47
79	73	3	50	65
10	89	34	66	50
34	37	10	41	30
100	81	26	79	30
55	61	34	37	1
51	9	33	17	87
44	17	100	45	19
61	16	77	35	1
43	63	26	99	76
16	43	86	12	12
79	10	68	36	82
36	72	83	41	48
70	96	40	37	74
33	87	47	48	76
30	63	50	12	27
56	52	85	58	84
83	13	50	67	20
68	67	69	30	40
97	13	79	20	87
8	9	7	23	83
85	99	22	21	89
7	50	64	38	20
30	52	67	4	90
45	12	39	16	22
14	76	30	17	12
5	73	67	80	86
52	83	2	1	73
95	3	70	4	23
37	6	27	20	70
91	39	89	8	72
6	31	99	66	38
66	97	28	94	88
87	56	38	72	32
13	5	24	60	92
77	26	44	70	46
33	96	33	55	73
87	88	59	37	2
15	19	4	52	14
2	13	17	70	97
26	7	91	7	48
63	50	1	64	98
78	39	50	69	71
41	51	79	74	37
36	53	59	81	41
82	53	37	44	61
74	64	23	1	69
95	69	83	43	21
20	39	81	34	51
18	54	17	61	34
98	36	15	11	74
73	67	9	33	39
85	13	84	51	72
62	74	14	61	29
69	72	36	38	55
61	86	32	6	13
99	74	89	58	52
8	83	66	100	41
73	73	32	87	25
69	90	45	46	50
61	37	8	30	51
94	21	48	89	45
90	54	9	78	96
74	8	35	20	7
14	62	74	5	26
5	26	42	42	84
100	1	84	99	59
7	51	54	75	26
3	40	50	4	1
57	58	17	56	22
84	41	11	88	68
33	90	3	74	27
96	37	63	67	47
4	46	75	14	96
34	77	54	5	33
77	58	52	82	15
83	64	49	74	21
84	100	34	13	90
69	23	58	44	58
2	3	87	28	27
70	28	59	51	92
93	15	81	30	24
9	35	54	83	76
19	99	8	27	12
56	58	37	6	10
9	7	16	5	2
38	8	63	26	65
46	71	4	78	67
58	38	16	91	67
2	14	30	40	47
10	18	53	67	89
40	63	33	77	58
38	17	63	57	18
90	9	11	26	42
23	96	47	61	8
80	85	55	94	72
36	75	92	76	8
63	64	53	32	16
77	13	83	42	56
44	26	44	87	78
93	25	41	21	72
48	48	55	29	46
58	20	11	84	70
66	31	5	21	18
75	71	20	19	34
57	8	23	13	78
40	92	22	79	44
5	50	56	29	69
65	54	58	18	88
97	66	61	90	20
63	61	3	83	59
29	9	44	59	42
78	91	37	32	5
8	81	15	97	22
91	75	84	7	90
41	61	75	54	46
8	39	4	7	73
84	92	90	22	68
48	3	10	3	83
79	73	63	60	44
62	9	12	27	22
83	35	9	20	62
86	48	70	94	68
28	95	11	78	48
27	89	61	12	82
69	57	14	3	16
30	87	82	75	68
7	95	22	56	60
81	32	50	77	82
15	40	49	6	73
89	17	12	35	54
29	23	98	14	21
95	74	3	95	49
18	44	4	33	50
66	57	68	17	60
41	11	34	69	89
18	23	66	96	52
44	22	82	28	80
33	34	15	42	66
23	50	16	34	72
37	68	15	10	74
72	62	7	57	56
2	92	49	17	37
29	35	14	72	17
56	77	92	29	59
58	8	17	13	77
6	22	75	80	37
24	36	40	34	63
77	22	30	56	14
74	23	48	23	23
98	89	15	22	26
4	42	4	48	61
78	6	51	40	80
77	68	29	92	33
20	87	58	33	93
88	40	12	55	96
53	45	84	56	13
96	46	51	72	51
91	52	9	61	2
11	62	100	11	47
6	60	22	67	10
68	11	28	54	71
52	41	36	80	32
45	29	77	76	7
46	4	93	92	85
60	36	87	45	21
43	33	86	72	12
87	19	67	65	36
75	37	82	11	5
41	20	67	43	14
68	61	34	94	49
67	10	13	16	67
82	83	14	56	67
19	98	5	18	75
14	45	86	63	92
76	17	11	79	99
50	50	67	88	50
36	58	40	24	47
88	1	37	18	19
53	97	13	64	3
66	10	76	88	9
34	82	98	7	78
20	99	4	75	79
76	25	14	59	29
76	36	85	6	91
48	88	54	48	22
97	72	84	95	70
29	76	73	44	73
100	76	27	87	63
52	20	81	73	29
81	97	16	38	92
31	11	27	34	84
21	35	41	85	40
4	3	97	98	90
80	36	35	35	95
81	45	41	22	39
77	58	75	43	66
81	17	34	61	55
59	83	27	48	97
28	87	76	5	98
16	62	70	63	87
66	23	3	41	33
31	63	52	53	80
45	93	53	45	10
55	74	95	67	68
23	25	35	99	89
100	86	72	12	52
69	84	22	8	97
31	71	26	88	28
85	63	40	30	100
71	25	23	25	49
80	65	24	78	60
23	2	70	6	77
91	84	42	16	62
6	53	59	87	26
67	17	41	9	44
37	71	41	44	63
55	99	24	30	76
30	56	91	80	59
58	95	70	45	50
58	40	31	4	49
53	19	89	36	44
99	12	14	98	20
86	99	39	10	38
19	89	94	25	51
5	11	10	94	55
64	88	16	49	9
50	39	17	2	21
16	44	1	88	31
37	37	9	69	36
97	33	15	46	21
70	54	14	95	65
8	58	95	80	69
23	45	29	92	33
68	90	44	18	15
57	32	10	69	12
76	52	100	98	77
25	49	71	87	61
96	36	67	23	32
89	85	18	35	76
63	63	89	77	38
94	30	40	76	64
88	25	11	25	20
96	29	38	3	75
7	55	8	13	44
91	43	1	55	75
46	73	83	97	88
54	9	70	13	93
61	32	69	31	31
95	94	12	14	58
48	31	63	75	94
26	13	47	47	24
50	35	20	68	43
99	97	6	13	13
91	94	58	1	47
25	36	62	15	52
46	95	70	36	55
28	52	76	49	44
26	7	20	86	16
42	58	20	87	97
42	77	56	78	63
62	25	50	7	57
74	29	48	94	24
60	73	72	57	91
81	27	7	81	71
88	7	14	100	63
8	46	60	39	44
61	24	74	41	99
48	92	16	70	6
50	22	48	90	24
36	17	27	42	54
88	14	11	27	13
98	34	58	85	29
21	38	81	69	97
37	70	94	2	58
55	63	100	2	86
25	7	87	32	37
3	92	86	28	24
36	5	100	34	54
32	37	77	88	38
68	30	20	59	44
98	47	48	73	47
53	74	77	30	54
41	44	91	10	54
9	96	17	73	81
71	97	59	82	33
10	44	39	82	79
75	39	14	67	79
90	95	63	76	59
15	2	10	74	61
66	42	37	10	74
93	25	42	9	42
86	8	2	87	1
8	19	78	63	20
45	45	83	45	16
37	7	14	97	9
24	93	29	61	50
27	51	74	79	91
78	94	45	82	3
34	77	98	22	99
99	100	2	10	53
65	41	57	22	22
89	20	41	95	68
34	40	80	8	57
83	82	74	9	79
91	17	5	9	40
44	62	48	25	34
50	69	44	80	28
7	79	80	34	79
12	99	98	25	92
96	25	48	14	8
33	57	34	77	59
44	6	30	18	28
19	48	52	74	16
97	53	61	19	82
81	23	31	78	82
5	30	92	88	46
58	25	40	79	24
55	17	14	92	83
43	49	54	46	84
39	88	42	4	73
63	46	25	74	46
35	61	35	27	7
26	32	59	60	6
87	80	77	75	72
19	96	53	60	26
32	68	96	30	24
10	67	75	77	1
43	18	31	5	2
91	94	60	20	9
4	38	82	45	3
23	94	3	16	85
26	86	93	64	68
33	69	62	77	90
68	93	37	4	60
59	8	1	82	96
25	34	75	44	92
44	39	52	98	22
53	10	69	86	55
86	9	70	57	96
93	38	74	60	90
68	28	80	33	72
29	46	64	8	90
7	7	76	86	90
93	26	37	31	50
7	14	62	7	10
59	47	54	40	82
20	92	17	28	80
32	77	45	13	81
83	8	13	5	43
17	37	66	81	11
93	55	14	95	68
57	49	78	62	68
63	45	11	52	92
69	86	43	74	86
46	17	98	99	49
65	17	84	14	83
31	55	41	93	14
22	94	61	29	7
49	6	10	90	36
14	48	53	83	18
28	45	54	87	24
27	35	52	14	33
67	55	66	39	56
59	24	59	31	13
73	37	87	43	33
47	40	36	17	39
61	98	60	5	94
46	32	14	87	30
54	48	100	69	36
10	65	4	63	82
22	55	89	50	2
69	10	70	75	90
69	21	35	65	39
56	39	38	97	34
7	79	59	92	72
88	12	85	7	43
91	80	94	55	7
52	10	72	52	31
33	39	14	96	11
22	82	5	28	86
45	33	96	12	19