844	457	389
488	471	95
765	521	100
184	162	915
230	792	113
862	438	159
644	200	718
941	783	587
230	297	703
762	7777	194
201	913	431
118	680	841
720	53	818
975	982	128
474	458	606
733	571	206
523	675	161
138	100	851
621	424	270
867	675	589
823	153	897
16	256	8
843	942	770
157	739	360
691	393	936
899	160	647
395	189	868
445	390	631
938	161	159
76	992	384
336	621	59
618	762	291
186	366	697
666	43	529
160	105	225
52	522	709
581	606	195
118	481	93
348	563	817
663	593	459
91	637	162
273	812	535
444	684	670
369	628	828
168	634	778
902	348	407
752	877	863
251	520	233
647	445	963
148	542	658
157	868	874
529	304	186
418	761	256
167	395	430
757	979	781
522	521	829
687	653	79
878	548	631
983	75	809
19	908	284
227	471	817
567	465	6
710	259	357
300	934	954
368	235	387
711	985	830
774	839	269
422	14	624
434	518	609
557	804	974
662	998	716
744	407	719
549	750	159
961	821	27
950	125	907
673	193	481
27	293	341
897	267	509
583	751	245
591	377	802
689	94	791
723	188	578
662	178	71
661	586	935
753	402	32
268	54	231
18	413	40
926	81	328
554	582	695
396	656	663
905	388	620
217	441	945
267	394	768
733	665	564
217	681	100
133	664	184
59	671	965
842	848	655
682	333	840
119	809	175
979	576	309
255	768	599
676	62	308
747	22	615
661	419	738
440	79	29
15	850	973
879	980	724
958	662	241
101	235	271
883	582	559
394	682	399
253	946	763
675	895	658
685	694	828
815	383	241
9	546	346
122	936	519
260	109	729
58	52	941
338	814	827
227	751	345
88	566	655
552	962	428
901	828	177
333	58	281
19	325	184
23	137	258
262	454	31
221	725	235
962	124	826
421	442	630
878	204	824
861	571	23
501	385	288
692	898	744
713	521	393
320	905	334
583	759	798
980	76	820
6	834	131
689	443	352
763	624	289
858	413	761
463	106	799
852	862	150
324	259	743
157	920	832
756	647	434
943	495	98
576	725	298
313	542	141
229	204	231
168	450	564
935	300	63
392	42	201
74	919	969
693	452	461
583	82	340
306	767	897
167	892	108
994	614	360
620	961	138
898	498	900
984	874	787
843	883	35
506	421	55
205	921	925
368	555	314
225	488	628
305	950	50
137	36	458
624	50	877
468	256	174
466	820	915
380	404	124
232	691	135
311	15	891
470	991	143
329	583	816
536	188	315
3	384	453
35	569	298
269	254	938
630	227	327
769	170	386
339	327	681
556	330	629
717	852	548
507	410	142
73	264	385
394	675	462
281	692	323
468	570	491
845	366	912
217	316	47
834	173	521
852	558	606
238	969	667
829	809	336
537	888	731
536	337	769
568	894	25
158	925	330
718	347	958
83	546	400
56	20	731
907	632	936
923	582	275
73	563	519
895	737	260
9	547	694
172	831	72
777	442	499
548	177	64
582	334	771
813	669	421
352	753	783
50	212	984
28	6	479
8	248	428
910	840	96
198	498	69
292	186	399
300	810	346
960	703	927
459	999	242
278	502	430
551	555	272
632	527	948
89	683	328
675	937	152
174	91	79
891	462	697
425	586	971
361	311	752
140	710	16
609	364	638
912	397	326
355	286	298
929	612	812
720	997	956
743	87	740
48	482	564
390	631	176
392	538	340
87	82	83
672	932	918
55	199	289
436	355	18
901	393	341
522	986	726
815	965	287
638	720	952
23	794	615
107	545	646
405	995	116
614	728	876
122	847	742
267	400	987
910	973	428
205	526	328
288	446	777
240	225	934
250	120	749
210	322	435
668	431	981
237	203	815
430	612	815
868	249	917
183	684	103
301	292	718
918	627	351
472	286	717
920	458	737
469	595	15
960	658	964
912	893	177
716	771	202
85	170	831
191	132	925
89	492	779
370	137	100
500	572	699
26	716	893
442	193	237
126	459	229
682	162	21
310	121	628
376	605	704
145	322	927
80	592	148
856	625	592
867	688	781
383	112	310
958	515	127
159	258	655
931	266	378
204	492	505
748	628	242
413	305	618
169	651	618
364	628	797
42	528	653
29	368	823
806	684	313
99	429	899
875	40	865
174	744	761
845	91	933
25	267	765
842	544	641
657	625	832
474	343	512
793	760	366
135	458	191
303	59	397
643	96	629
621	609	463
97	728	455
151	454	418
923	187	907
547	838	174
126	389	377
491	413	571
42	866	996
893	108	724
855	165	968
941	979	847
833	609	364
387	430	968
714	362	251
219	269	682
251	917	902
427	593	68
944	388	793
356	52	698
913	544	923
1000	883	858
599	623	699
15	736	842
967	421	899
741	60	760
741	873	801
834	387	77
940	511	212
836	85	624
549	930	615
638	331	37
176	331	437
283	231	33
748	740	838
153	491	325
738	28	676
889	128	73
81	251	73
280	527	128
785	124	256
325	371	28
625	427	959
179	517	925
802	786	823
522	115	112
558	483	968
163	257	320
158	123	43
526	512	17
683	284	582
643	522	299
861	906	441
714	889	128
355	930	362
561	95	830
40	929	493
384	518	988
403	830	942
262	788	630
740	650	870
745	87	34
745	270	435
463	211	822
349	562	87
43	927	10
101	929	332
713	103	411
875	492	78
840	329	415
301	11	194
810	513	482
758	197	827
117	24	434
351	860	38
269	71	191
709	974	149
536	940	616
65	575	109
425	751	796
58	251	645
131	128	525
662	650	525
889	929	135
647	570	51
464	739	260
115	826	130
798	684	203
791	53	646
793	674	145
615	687	351
543	92	337
108	750	139
852	2	618
302	4	815
685	898	832
864	757	324
291	406	983
15	63	222
817	603	522
113	57	671
101	302	839
827	111	748
50	924	293
91	821	572
837	172	180
428	309	347
512	939	233
83	743	424
201	971	931
374	463	392
391	535	582
726	286	894
294	168	451
3	664	935
427	854	71
835	621	358
647	863	766
320	970	518
693	248	598
463	850	792
461	712	284
422	756	509
478	408	389
826	463	65
812	321	76
745	491	583
269	710	271
97	46	722
224	173	438
385	210	593
863	247	357
797	780	138
896	604	917
631	687	327
807	900	984
670	315	723
328	707	920
375	307	584
441	635	38
716	96	442
562	920	653
628	585	896
98	752	880
707	436	498
548	446	878
158	302	804
732	803	464
119	320	461
912	723	760
735	503	773
963	563	595
509	987	909
904	223	199
733	324	777
685	94	705
620	627	327
809	972	793
821	780	830
759	893	501
711	440	886
152	195	89
537	50	88
7	703	542
644	655	293
292	210	705
18	604	555
766	978	732
754	880	182
240	764	323
882	84	939
167	444	791
497	199	561
265	945	100
872	386	517
457	443	180
17	119	891
348	53	671
737	361	391
825	565	607
845	785	349
328	388	804
694	386	546