-1.11676180157626	11.8313167976839
-5.36189245731932	0.247536032968807
-5.53392318961687	1.34147985164905
-7.19741149874352	1.30962294015193
-1.84145246499712	13.0836146265663
-3.30113009021083	12.2156303635938
-2.16725346529955	10.0146898839244
-5.14572978126702	13.4538091069943
-0.906976697375556	12.4334773483725
-8.62638234915417	-0.447525804819146
-3.01167945716096	10.9145814212476
-2.0162060895911	12.3367339045434
-6.1058636324296	0.809666743918552
-5.88433412508671	-0.593238613045074
-2.35794983089834	10.0322337667421
-8.27893904162046	2.95084127706912
-2.47042464392662	12.0979375849622
-2.09103063407212	12.6918988413611
-3.98160666564546	13.4103409933307
-2.57646666842041	14.2036576932346
-3.90926027905789	11.8956751966568
-6.27043783120526	-1.11445496396989
-2.43331225022823	11.4008392353315
-3.20191345681812	12.1373376242729
-4.64292412625891	0.999696861989668
-4.32435405917756	11.826569555434
-7.36058616259822	0.736866868895121
-6.91031172559222	1.80153255023649
-2.60941487208139	12.1354223672109
-3.46529158022485	12.1227597279417
-2.41525716846183	11.7454829350627
-2.58828661850811	10.8801720056183
-7.53810462954166	1.02365627476192
-5.97128183710145	1.12351301902844
-7.47271284099884	0.702091695749516
-5.13992053160927	-0.198412638669613
-3.46331818856494	13.3987308252886
-6.41008954332228	1.76267182340663
-4.46131806393704	12.3534833758057
-7.29074474400994	-0.0712197269596714
-6.37064538818184	-0.125120341835409
-2.2155919404471	11.8384243920922
-2.9849358459096	12.8933334925819
-3.27766752392617	13.5388451564421
-6.07027126378537	12.5312366176946
-2.59006347348477	12.8093971349568
-5.51208147521329	-0.561830980687901
-6.20080940375179	0.252532138168802
-2.94262654291763	10.8834889574829
-6.87062941912618	1.2113268060742
-1.79797764455851	13.5008656186455
-2.17748538624965	12.1337042944514
-3.3153547774082	11.3556627753604
-5.63776445742089	-1.41994940782807
-2.62029986338484	11.5580397821825
-6.43230200923804	-0.49375883121182
-4.88116510187771	0.17234148756635
-6.26057880847187	1.56476381616002
-7.35215279858677	0.846353615850892
-6.71986794532914	1.38152934006232
-6.01638880385419	0.367850449068053
-3.70898955805742	12.25566717316
-5.16454284589223	0.14839596739542
-6.0766210095526	0.125394777460429
-4.36765884816167	0.825682436907486
-5.69959648046074	1.20462275560719
-5.90571872010276	0.356551451752426
-4.04372606034944	12.6562292903055
-5.2696949242234	0.584247619989834
-3.30627089245944	12.1277457929055
-3.00012331189517	10.4179461604548
-1.41192295702982	12.4646131964225
-6.15137014714124	1.22937986709571
-2.5954260331984	13.4918851608447
-4.41094880481335	12.8756609690938
-5.86026209334647	-0.261908786213524
-7.3339387816218	0.10335253259859
-6.60375026140961	0.194300687690979
-2.66711821085402	11.9934438925842
-2.27879229745958	11.7646092428555
-7.38281396779434	0.465212355373229
-2.53647134966589	11.9544271901397
-3.31972959932784	11.5629625308641
-2.82905244228612	15.6794930336144
-3.42709531585154	12.727676147625
-6.25615999372538	0.307533023442425
-6.09079484060821	0.446959214310102
-7.4400538838803	0.116947649828525
-5.84691182273615	0.496853075589188
-2.48440981264945	13.0028215668849
-6.10584449996675	1.72239201556618
-1.01134454921988	11.5804846843749
-8.59711481593654	0.887654230180195
-2.55627714886566	11.4018065083312
-5.18326311189121	-0.436094790379982
-6.08000771655688	0.47964444808302
-5.06289297975639	0.897051792290092
-3.26848438461387	11.9880105734713
-6.86986119786447	-0.341171275810256
-6.90620309061585	1.72714480463022