7,562233 -1,061612
5,692168 0,182767
3,882310 3,337227
6,519736 0,266631
3,032186 2,377856
6,359357 -0,029395
-1,090720 3,938128
-1,691136 2,858661
2,489934 3,399363
3,692787 4,899386
4,048170 3,214823
4,086949 4,236949
3,532022 4,641464
3,486229 4,279005
3,587971 3,599896
5,639814 -0,452683
6,600483 -0,415554
3,198896 4,467086
0,191819 3,122615
5,596447 -1,546674
-0,535789 3,265907
-0,848693 3,436612
3,515896 2,879698
4,048682 4,285113
3,789902 3,792703
6,529509 -1,226639
2,949378 3,208982
0,678524 4,267142
3,186102 4,396931
3,367570 3,530168
5,843693 -0,784900
6,096480 0,166213
6,795733 0,469029
-0,383046 3,625069
-1,315133 3,492822
3,593726 4,502015
2,708593 3,816584
-1,315133 3,492822
7,663821 -0,731906
7,376585 -1,513920
-0,796190 3,052878
-0,404884 2,830234
-1,572802 3,261351
3,448552 3,595807
-1,390266 2,327469
6,013613 -1,848574
-0,400653 3,628823
5,850953 0,473828
-1,572802 3,261351
6,257380 -1,773540
4,337406 3,423688
3,288273 2,869759
0,236534 3,439102
6,149983 0,264150
6,587028 -1,104539
4,496411 4,802215
6,834388 0,441161
-0,349885 4,360411
3,536168 3,594293
2,927835 4,167231
6,100812 0,103567
-1,263537 3,478833
3,940424 2,919019
-0,504590 3,656415
6,449086 -0,001218
0,558914 4,757775
6,035829 -0,807010
-1,207080 4,525095
7,620308 0,139256
2,856290 3,381282
7,128284 0,070598
-0,449789 4,239381
4,219026 2,735616
2,244528 3,200710
6,172067 -0,552730
3,263103 4,473407
6,409846 -1,258699
4,048170 3,214823
6,191327 -1,059731
0,345192 2,584613
6,963096 -1,165049
3,286975 2,648815
6,854333 0,244589
5,814404 -1,270301
3,745943 4,556294
6,646266 -1,360377
5,756172 -0,056383
5,814404 -1,270301
-1,173994 3,996632
3,258940 4,130677
-0,094473 3,406026
2,719681 3,004331
3,477783 2,781603
-1,651981 2,440465
-1,146830 3,334361
3,620013 3,288927
-0,998775 3,060221
-1,036023 4,002105
-0,852337 3,858603
2,971524 3,187459
