9123 224
88 61 88
69 85 60
82 76 78
89 69 74
90 71 78
84 71 68
69 83 80
84 64 64
86 78 82
86 81 82
82 65 89
65 76 74
83 78 86
86 89 78
89 68 88
84 83 72
77 78 77
61 85 68
84 72 69
75 84 75
62 77 78
70 77 64
64 90 66
85 66 65
63 89 73
90 75 75
86 60 77
61 66 67
76 72 60
68 83 84
74 79 66
70 89 65
87 70 78
74 64 70
62 81 67
88 71 88
63 64 65
82 74 89
86 75 75
71 82 82
79 78 90
77 82 83
62 78 78
66 69 75
77 76 74
81 88 90
81 66 75
82 78 75
67 79 71
86 70 89
89 74 76
82 67 64
62 71 74
67 73 64
61 87 67
79 87 85
66 62 73
77 81 90
85 87 62
70 61 76
71 60 68
71 70 62
75 71 83
71 87 72
77 75 62
68 67 73
62 65 66
87 69 72
62 64 63
67 70 61
81 83 74
83 67 90
80 78 79
77 88 80
78 67 79
87 79 78
74 67 64
71 87 85
60 74 61
86 68 63
76 75 61
79 68 87
84 78 66
78 71 85
85 70 81
76 78 90
68 62 77
90 70 84
66 78 62
82 85 70
77 69 84
74 72 74
86 69 89
83 62 88
70 77 66
83 87 66
83 62 76
64 86 66
60 63 82
69 87 76
80 83 62
80 84 68
89 64 85
78 86 88
65 80 62
61 74 89
63 70 68
90 69 61
89 80 89
75 83 80
79 85 78
82 73 79
84 86 84
71 60 65
76 67 74
70 74 76
90 72 61
81 76 69
61 60 81
61 64 89
79 60 76
86 67 73
69 60 66
89 73 79
75 77 85
86 90 61
60 63 85
90 73 88
72 87 69
86 88 67
86 71 60
69 86 83
79 67 83
80 81 76
62 72 77
85 70 65
65 61 87
70 65 81
69 82 76
60 63 89
79 69 66
74 90 79
76 79 75
66 90 85
89 76 63
63 73 79
85 88 82
85 79 62
73 63 88
76 82 90
64 71 65
68 70 67
60 89 68
85 78 62
87 65 60
78 83 80
63 80 88
80 62 79
85 61 77
61 89 63
88 77 64
64 63 85
89 71 88
80 72 63
67 79 80
83 85 82
71 75 87
61 77 67
90 86 62
83 61 63
68 84 76
83 79 71
72 74 90
60 86 76
64 90 62
85 79 63
80 67 90
84 81 75
66 64 74
75 62 61
86 86 84
62 61 90
67 75 77
75 84 65
77 72 79
76 67 66
64 81 76
75 80 84
90 78 82
65 82 65
80 82 74
86 78 61
88 76 77
88 79 88
81 63 84
89 80 79
63 80 84
73 67 89
83 83 80
66 68 87
61 80 71
70 76 63
66 77 80
63 68 76
80 61 68
80 72 73
77 69 63
83 79 89
63 87 80
63 63 76
90 90 90
89 72 65
85 70 75
82 79 77
77 81 82
63 77 64
81 67 83
85 78 66
63 89 66
81 72 66
62 71 73
80 84 89
71 88 80
78 75 81
80 73 71
80 85 87
78 70 89
72 69 64
71 68 63
75 82 74
81 70 82
88 89 83
64 65 61
83 75 90
71 80 90
83 60 81
79 86 85
83 77 60
86 89 86
87 78 87
69 81 65
83 86 78
90 87 71
90 70 75
81 65 74
65 72 83
73 81 87
60 79 60
69 82 76
75 64 85
81 88 60
76 74 70
72 65 86
60 70 82
81 79 74
66 71 76
76 63 74
76 63 87
64 72 75
70 69 62
85 67 88
90 83 64
87 86 81
68 71 84
84 76 68
76 84 90
65 67 89
67 77 66
62 73 68
76 64 85
86 62 83
65 80 80
61 71 67
76 80 60
88 88 79
72 85 78
68 90 88
87 60 81
85 70 90
62 74 60
74 79 61
90 68 74
73 62 90
89 89 76
72 69 69
76 79 64
80 73 75
73 61 82
75 87 85
76 86 66
77 79 61
76 73 80
89 86 80
77 83 84
85 66 81
60 79 70
86 75 88
83 67 64
85 74 83
67 70 89
65 66 67
67 63 75
64 69 81
86 74 84
82 83 61
82 88 63
69 67 86
74 85 67
68 77 87
88 80 62
69 68 80
71 68 81
79 85 77
63 82 61
68 77 61
82 85 73
69 69 68
72 64 90
64 65 80
80 88 60
68 88 62
71 65 71
68 84 60
67 80 72
89 86 90
80 85 87
84 65 85
71 66 84
71 88 68
80 85 67
90 62 67
87 68 82
79 69 70
77 85 64
67 89 70
74 88 81
81 64 83
67 87 62
73 61 89
72 89 69
73 80 83
71 80 72
86 77 87
87 90 90
70 84 62
62 74 65
88 65 74
88 76 62
70 64 85
68 77 90
66 82 70
75 66 68
85 90 77
82 62 63
74 67 74
85 81 72
88 84 84
82 64 84
77 60 60
80 77 67
75 83 68
79 60 74
88 63 60
86 90 80
81 61 60
65 85 77
71 84 89
87 79 79
78 82 87
84 84 64
65 80 67
67 89 62
85 61 90
85 74 64
62 88 65
87 60 85
86 68 90
90 84 70
77 77 60
77 70 62
70 85 66
81 87 87
76 76 90
86 61 60
63 84 82
62 82 63
64 65 63
83 82 89
65 75 80
71 72 90
89 65 60
88 72 71
89 65 72
82 68 81
74 84 79
88 72 64
69 61 76
79 90 64
63 62 68
89 64 67
72 81 67
72 89 61
80 85 60
90 74 72
82 65 73
82 69 65
72 84 67
63 66 64
81 71 64
77 77 89
85 76 84
76 90 83
88 73 76
88 84 75
61 72 64
72 61 81
80 87 76
80 78 68
66 81 74
75 72 87
88 89 61
69 83 80
64 60 70
78 61 64
84 66 76
69 65 85
89 77 84
62 83 81
70 86 86
74 72 85
81 82 90
70 67 60
67 72 61
73 62 69
72 84 85
60 62 79
73 66 69
70 74 87
77 64 66
89 76 79
65 80 82
89 90 80
79 89 90
64 85 60
61 82 82
71 60 82
60 62 82
64 68 75
79 83 89
86 80 69
68 77 83
62 65 60
84 70 62
77 81 85
72 71 88
64 81 88
60 74 84
70 78 87
65 70 74
63 83 65
88 74 68
78 79 75
76 77 89
77 60 66
70 82 85
89 63 73
83 86 62
69 62 71
88 75 62
74 63 87
62 89 66
77 75 82
79 66 69
63 69 77
86 70 81
63 82 74
86 78 76
67 74 83
75 86 78
70 81 65
87 78 86
61 84 79
85 74 80
73 83 64
64 60 60
69 66 88
67 68 63
84 68 80
73 65 69
73 83 63
65 85 89
89 71 66
60 89 61
81 72 75
66 65 61
84 73 87
63 67 68
86 71 78
78 61 77
80 70 63
84 71 71
79 88 82
76 69 63
87 87 74
85 72 85
76 66 64
70 89 62
79 87 65
84 64 90
68 67 68
60 80 84
85 78 78
71 71 73
78 62 88
61 84 65
82 65 70
71 79 88
87 69 69
79 88 72
90 67 88
86 85 73
81 80 80
80 64 60
85 88 82
61 90 70
79 70 64
68 76 86
83 69 75
87 80 76
90 84 65
84 72 62
60 74 88
90 63 76
86 64 66
80 70 80
67 82 65
71 70 90
77 88 78
65 83 65
69 72 75
81 65 66
73 73 79
77 85 85
70 68 73
66 90 63
79 69 90
64 67 84
83 79 84
78 87 79
66 81 76
69 64 83
79 79 65
68 80 63
75 62 63
60 61 69
68 66 88
87 65 67
77 68 66
67 63 88
78 73 79
73 72 88
62 80 73
78 72 82
87 72 76
64 80 89
80 89 74
79 74 60
88 82 64
87 63 82
90 86 79
62 67 72
88 74 77
63 79 87
70 80 85
62 64 75
73 76 65
71 61 82
71 61 81
82 64 61
85 71 76
76 90 88
76 88 80
77 74 85
77 77 83
90 74 65
72 64 68
75 77 76
90 60 73
78 62 82
81 81 80
89 81 73
77 81 70
61 83 72
75 78 75
72 61 69
61 78 76
80 79 77
90 81 90
63 82 88
77 76 80
83 61 66
61 73 64
82 70 90
86 66 74
74 75 80
82 71 81
88 66 64
65 85 76
83 90 74
86 73 79
77 66 74
67 75 69
61 84 80
69 62 70
76 66 64
72 73 90
86 79 87
65 80 79
71 63 63
67 81 69
86 67 83
73 78 65
87 78 67
78 83 76
80 75 80
88 69 63
79 67 83
74 70 60
64 66 90
89 74 62
70 72 62
88 81 80
78 71 85
79 62 65
61 90 63
78 60 71
77 90 64
73 65 70
78 75 67
62 86 84
60 87 70
65 87 72
72 80 83
70 60 79
83 87 84
76 90 78
63 88 80
80 70 61
74 63 75
77 88 80
70 61 88
64 70 89
85 81 63
76 66 74
89 89 87
77 88 72
60 66 83
86 76 75
75 74 81
80 62 67
68 63 60
84 74 69
73 79 69
83 64 70
83 78 70
88 76 76
82 89 89
73 74 80
72 74 61
75 87 71
69 70 67
81 67 84
73 70 65
86 78 83
86 77 68
85 70 70
89 70 74
66 69 66
65 75 86
73 60 67
79 89 74
89 68 80
69 70 68
87 77 70
77 82 65
88 82 61
75 74 82
80 79 88
66 81 69
78 82 83
66 67 85
70 85 63
73 73 65
88 81 85
71 63 77
76 66 67
69 64 61
64 87 80
70 66 60
67 63 90
80 60 79
68 82 66
78 87 72
88 77 80
82 77 76
74 63 76
77 73 90
90 66 90
73 80 79
64 82 69
90 69 73
60 80 79
69 69 85
78 87 73
85 68 87
79 66 70
75 70 70
73 67 65
79 71 85
62 75 71
67 78 79
64 83 86
82 68 88
67 64 70
82 88 86
83 83 71
77 77 82
84 66 63
78 80 89
63 86 76
73 82 80
88 69 74
86 68 81
74 78 73
63 88 71
77 74 86
64 75 85
87 77 67
72 67 72
87 89 70
62 81 65
63 74 79
66 78 66
67 68 65
90 86 77
84 89 76
79 67 83
62 63 67
72 72 65
69 84 81
66 80 90
81 82 70
60 76 71
81 64 84
76 81 66
60 81 77
87 61 72
78 67 86
78 81 62
71 79 80
87 60 90
64 69 84
75 88 90
74 80 71
83 76 69
88 87 67
83 75 67
81 66 80
64 74 89
88 84 74
83 90 90
61 64 89
84 84 73
64 70 85
60 86 81
82 83 83
73 82 69
73 89 78
76 69 79
77 84 89
79 69 84
70 60 85
80 90 86
72 87 88
76 70 72
63 62 66
74 77 65
64 74 84
77 60 68
77 69 87
74 89 74
90 82 88
80 73 89
63 66 70
71 90 89
69 87 78
61 74 87
67 76 60
69 64 61
90 67 79
82 89 69
88 76 70
82 61 77
74 82 71
62 61 66
79 64 62
70 60 78
61 81 84
68 78 77
70 70 72
70 76 69
87 69 65
86 90 74
66 74 73
68 87 68
60 90 86
63 81 81
65 90 81
62 61 83
87 68 85
65 86 75
65 69 79
86 70 62
87 62 86
77 60 64
78 61 64
69 87 72
88 77 60
88 66 71
87 63 87
81 73 61
65 76 81
85 75 69
60 83 72
60 69 86
85 63 71
82 82 68
78 75 82
89 87 64
65 89 77
74 61 72
75 85 78
60 79 70
81 84 89
66 68 87
85 75 60
81 60 62
77 89 81
62 66 70
90 89 78
78 61 70
86 76 88
64 80 73
72 66 62
70 78 72
86 62 66
79 78 79
87 76 65
79 86 72
66 79 72
71 62 64
72 89 61
84 62 68
84 61 64
76 70 81
78 86 62
85 68 69
63 77 90
73 88 90
71 65 78
69 84 84
65 69 71
74 90 60
67 88 73
62 80 81
77 63 62
84 71 84
89 64 81
68 60 90
79 78 60
84 74 87
84 72 68
85 75 70
78 74 89
77 60 68
87 82 69
75 60 67
88 63 66
72 68 75
84 74 62
80 88 74
67 87 78
80 76 67
88 75 60
75 69 72
66 87 77
75 75 60
83 65 76
74 88 84
70 72 81
88 82 78
74 81 60
81 66 81
71 83 65
87 68 88
76 86 75
71 74 71
62 61 77
83 75 64
69 72 64
87 70 88
70 88 65
75 79 68
75 62 63
76 81 75
68 62 76
63 86 88
61 65 88
73 74 63
74 90 66
78 79 71
63 80 79
62 60 64
65 73 66
61 86 77
63 63 77
64 69 64
90 67 62
74 65 64
90 74 85
67 63 73
72 89 72
72 83 88
90 77 60
87 79 88
89 84 71
76 74 61
83 65 77
78 69 76
79 61 83
86 81 66
63 85 67
77 63 69
60 64 89
60 60 73
77 87 86
73 64 67
79 61 68
89 63 84
67 74 77
80 86 89
60 67 73
64 75 72
78 68 65
61 74 87
76 72 63
72 61 62
78 87 79
63 89 62
83 78 72
83 65 75
69 75 87
74 73 87
73 85 60
64 65 64
84 68 63
63 89 87
74 88 61
63 75 71
68 74 85
81 90 89
83 61 71
68 69 62
76 66 79
77 82 73
78 74 84
85 86 88
68 72 86
67 84 81
61 65 87
63 70 66
76 63 81
78 83 79
89 86 67
74 71 72
81 82 79
85 83 60
68 65 68
76 71 66
67 66 80
72 84 80
74 86 76
65 67 73
69 66 85
77 86 74
67 78 74
77 80 73
89 71 65
66 65 87
89 90 69
87 78 79
88 84 73
78 82 81
87 81 69
77 77 61
61 61 74
72 67 69
79 74 65
71 80 78
86 66 85
83 81 71
82 77 78
70 64 85
80 70 86
75 64 73
87 90 71
78 65 62
87 80 80
76 74 76
68 72 78
88 86 83
60 78 68
88 77 62
66 83 71
72 63 79
73 75 66
80 63 84
63 78 90
65 88 71
80 63 83
65 77 87
68 88 65
65 90 70
68 72 89
82 79 85
80 64 80
66 72 83
86 86 75
83 83 73
66 70 65
86 87 64
71 67 64
65 81 69
68 71 61
72 76 64
81 74 62
60 61 73
70 80 86
66 86 60
67 84 68
77 85 74
85 76 81
63 60 60
83 85 83
64 80 66
71 87 72
84 73 82
70 81 62
85 82 64
84 80 65
76 87 63
64 73 84
60 64 67
72 66 82
79 73 74
62 78 89
89 73 76
73 76 64
66 86 74
77 62 67
79 66 84
88 80 85
68 75 72
60 90 81
80 80 70
76 63 72
67 65 70
78 79 66
86 89 87
74 60 89
67 81 63
73 60 72
78 87 89
65 74 83
90 80 65
64 69 62
76 70 64
69 76 67
88 75 62
77 79 86
70 75 63
76 83 89
90 76 68
87 66 72
81 83 62
87 69 77
60 76 87
67 84 73
66 80 89
90 79 87
61 70 88
65 76 63
62 64 81
63 86 67
76 68 88
71 86 84
64 70 74
68 71 80
87 77 81
88 67 72
75 77 89
73 68 78
89 84 77
60 61 79
79 77 84
76 73 90
63 60 87
67 89 86
90 80 78
75 89 63
64 87 73
62 60 82
62 89 88
64 65 81
73 60 68
75 83 62
82 79 71
87 84 71
64 83 75
85 87 62
85 82 84
80 87 60
81 62 83
79 80 69
66 64 82
88 80 90
80 63 76
83 88 67
85 81 84
84 77 77
88 76 85
66 67 90
71 71 79
70 90 63
73 73 77
65 77 61
88 71 81
61 81 82
67 75 66
70 67 66
69 88 87
71 66 74
65 82 62
88 78 68
71 88 68
87 87 87
83 79 79
71 74 89
81 81 67
80 66 81
79 72 69
85 67 69
80 75 87
60 81 72
61 89 60
86 66 85
75 65 86
65 80 63
76 65 79
63 65 87
76 87 66
64 71 83
79 72 82
78 86 78
83 84 89
77 78 88
65 61 89
64 84 73
77 67 86
64 60 87
77 68 71
77 82 90
61 80 74
71 88 71
64 87 67
83 77 78
73 78 79
83 60 67
65 60 61
77 81 70
71 80 70
71 72 87
77 72 78
70 62 72
88 79 89
87 80 84
70 71 75
90 65 64
66 82 89
82 62 71
68 81 73
79 90 74
80 71 65
79 82 76
69 89 71
75 71 70
68 62 77
80 79 67
85 78 79
60 82 78
70 84 67
74 73 80
83 70 90
83 84 80
67 80 84
64 85 73
67 71 89
90 63 79
78 64 87
73 69 72
60 76 74
89 63 80
66 66 87
82 77 76
75 83 72
63 70 66
70 71 82
60 62 72
63 77 85
79 68 77
61 71 66
74 85 75
87 78 66
75 66 68
77 79 80
73 88 86
63 72 60
84 90 63
70 67 85
90 68 69
80 76 73
61 68 73
80 68 61
89 90 62
86 71 89
63 73 85
71 61 82
68 75 80
89 82 63
82 68 76
62 63 73
83 88 68
64 75 74
89 77 69
60 86 63
71 68 70
88 86 72
83 66 79
65 89 63
79 62 88
78 70 76
72 61 60
78 90 89
88 83 67
86 72 67
71 76 84
88 81 61
88 61 70
76 68 65
83 88 62
76 82 66
84 78 61
89 66 66
78 72 67
80 71 85
83 66 90
77 71 63
60 66 72
88 83 90
65 68 64
63 60 74
78 72 84
90 71 70
77 83 76
76 76 73
81 74 72
62 70 73
76 83 79
83 61 80
87 71 78
70 87 61
90 81 81
77 86 86
76 71 60
87 64 84
61 67 87
84 65 73
75 66 60
73 90 69
77 81 87
84 67 82
61 74 81
65 76 66
66 74 74
69 86 69
65 71 67
67 62 88
78 83 73
82 68 82
62 86 81
64 87 69
68 72 83
74 79 74
65 72 86
68 77 68
81 82 74
71 88 86
69 61 73
83 75 66
81 77 80
84 76 72
74 63 84
85 76 79
76 90 69
89 82 77
89 69 61
60 70 61
67 79 67
78 82 88
64 70 67
87 84 84
69 72 87
78 75 72
63 67 82
81 72 79
86 81 86
66 75 71
78 67 66
62 76 66
79 75 81
73 86 85
72 69 86
68 63 65
62 90 90
67 60 60
67 88 77
73 62 85
80 76 65
85 84 61
72 84 61
66 88 68
72 79 81
63 66 88
65 71 61
71 87 73
78 82 74
90 87 73
85 60 83
72 65 61
81 66 82
64 69 74
65 76 68
60 89 70
77 84 85
84 79 86
79 82 60
79 66 86
64 66 61
64 85 71
81 66 85
74 70 65
82 79 74
71 63 86
73 74 68
77 63 61
85 72 68
90 88 71
75 75 83
63 84 67
65 84 85
65 80 88
88 61 71
74 77 83
71 66 88
67 68 62
86 66 85
67 81 84
73 89 87
60 68 76
90 88 64
85 62 80
81 78 74
78 61 65
76 74 67
82 67 81
69 82 69
77 60 71
75 79 83
61 66 64
60 65 60
72 64 67
70 81 81
75 72 73
66 63 65
82 77 73
75 65 86
71 87 74
80 80 74
87 61 80
87 75 63
76 87 74
88 67 71
60 83 66
86 69 61
86 60 85
86 62 71
89 61 73
69 87 83
64 66 66
75 66 79
70 80 69
84 75 86
67 74 86
67 60 90
71 88 90
81 81 82
61 76 67
88 83 79
64 73 66
76 72 66
60 76 85
82 75 68
80 76 64
84 88 60
70 67 81
79 75 85
61 78 88
64 78 72
80 87 60
67 67 82
74 66 78
83 66 78
73 81 81
81 77 89
83 87 80
62 66 76
62 60 60
80 72 79
68 62 76
83 65 83
84 81 78
87 79 68
90 66 64
69 66 90
77 77 68
65 75 85
80 76 88
82 60 90
60 78 77
78 64 66
89 73 90
72 78 80
69 81 63
62 64 65
72 62 88
64 82 86
82 64 70
66 72 68
78 84 85
60 66 75
80 73 68
60 90 90
80 66 74
60 64 71
63 70 83
90 81 63
81 86 84
82 72 88
72 84 87
73 87 65
71 77 76
67 78 81
79 60 87
71 72 77
69 84 63
65 77 81
60 85 84
78 87 82
80 81 64
64 88 87
67 67 76
65 68 72
90 76 89
62 89 64
64 88 78
63 74 61
61 89 67
78 83 65
65 72 77
80 68 67
66 86 66
79 82 72
90 86 88
67 68 90
61 70 70
74 72 81
77 80 68
89 61 77
75 88 73
79 84 60
82 85 90
80 80 66
87 80 80
78 70 69
82 70 60
68 83 70
88 60 60
60 76 60
67 62 70
84 63 76
68 76 64
89 82 67
90 81 86
76 69 79
71 77 64
74 71 66
87 75 60
75 90 62
73 64 71
60 87 85
82 71 89
64 85 78
79 79 83
88 61 67
78 69 61
77 81 71
78 60 63
63 89 90
63 87 78
63 82 85
86 72 79
74 73 70
63 71 65
82 70 67
89 71 63
73 64 78
82 90 69
86 67 75
86 75 66
85 84 77
80 69 78
72 82 65
74 67 75
62 64 71
74 81 88
78 70 87
67 61 73
88 60 69
85 85 65
90 74 69
73 61 83
68 75 71
69 69 80
88 66 90
73 72 67
78 73 70
68 71 62
79 89 63
87 71 85
74 72 63
78 77 80
74 65 80
89 71 84
81 78 64
64 67 80
87 60 69
81 62 65
81 79 68
86 62 68
84 63 62
69 89 67
80 62 72
83 78 68
76 83 90
72 71 65
88 76 72
70 75 66
84 75 82
77 61 83
90 76 68
90 90 62
81 68 63
71 72 78
78 76 86
60 60 84
62 88 63
66 89 75
75 70 84
80 79 60
63 64 69
88 84 73
81 62 78
71 86 84
67 87 71
60 88 76
79 77 66
85 73 82
71 61 88
72 88 75
77 66 70
84 90 75
78 68 90
78 72 69
71 60 68
85 90 64
78 66 82
83 76 62
67 78 84
64 81 63
64 80 85
81 63 83
75 90 73
70 90 80
85 64 80
63 81 80
66 76 65
86 78 63
62 71 62
63 87 61
86 73 81
79 70 71
78 75 69
60 70 85
67 67 76
89 66 83
80 76 84
87 79 62
70 72 69
72 84 70
74 63 62
86 62 77
87 78 62
71 85 76
76 61 87
76 63 74
81 70 90
65 81 64
78 60 81
64 71 64
67 88 63
63 87 79
65 66 76
81 79 83
62 81 81
70 71 80
60 67 80
65 60 82
88 81 62
83 63 68
87 70 63
73 75 90
85 88 72
66 83 86
80 87 73
77 78 78
84 78 83
83 81 70
79 89 66
90 75 86
70 87 78
61 85 89
85 87 87
64 75 85
72 66 74
62 85 79
61 79 63
60 79 79
78 63 63
68 76 79
68 88 82
69 85 86
63 68 73
69 66 83
78 86 84
76 76 81
76 63 86
76 67 60
62 84 63
86 78 80
61 61 81
63 60 70
74 84 61
67 84 67
65 77 90
87 88 77
63 67 66
79 76 86
68 64 79
84 60 81
69 85 78
81 80 78
61 84 80
63 76 78
85 89 65
72 61 62
86 86 87
81 70 63
82 60 88
84 61 60
61 64 88
78 64 74
84 74 62
77 85 77
62 74 70
68 88 63
80 75 69
63 63 80
62 88 89
69 88 66
75 84 81
66 61 88
64 82 75
60 69 67
84 69 81
69 61 81
63 90 75
89 60 62
87 82 74
73 65 77
72 64 65
60 60 76
66 72 75
64 62 65
64 78 73
63 80 76
69 70 73
78 62 63
78 81 75
62 86 87
88 90 84
79 76 66
65 74 89
90 79 66
90 76 89
63 81 67
85 75 79
72 65 87
87 73 69
74 88 75
90 85 74
78 60 82
77 79 76
69 78 71
60 64 66
79 76 86
89 81 65
82 75 77
88 72 61
74 87 74
61 73 66
89 87 68
87 60 81
90 87 65
74 69 66
87 63 70
60 70 74
66 86 90
83 69 60
78 64 72
87 60 61
78 78 61
73 64 86
63 61 84
90 74 61
84 85 60
86 79 76
79 83 71
80 73 83
89 74 82
89 86 68
84 88 87
63 61 69
70 64 74
60 64 71
64 72 75
69 70 67
72 86 87
76 77 61
83 67 66
65 70 82
69 87 62
80 71 63
69 80 78
75 72 78
84 62 90
79 74 87
85 63 63
78 66 80
86 68 82
63 89 73
64 60 73
85 82 63
85 60 89
83 78 74
63 70 61
74 80 69
78 85 80
81 89 90
67 66 64
84 63 70
84 89 82
81 61 68
63 61 66
76 60 76
71 76 89
85 64 70
70 85 81
63 63 81
69 69 75
74 89 64
60 67 76
83 90 70
89 88 82
90 86 86
80 63 65
78 68 65
81 76 61
67 64 61
67 68 73
74 81 68
85 79 63
71 71 70
74 88 85
86 85 82
74 74 85
70 70 61
65 62 74
88 62 60
82 82 63
85 64 71
72 61 86
90 65 67
69 87 84
72 90 86
61 66 66
72 73 75
66 84 88
76 89 63
84 78 78
88 72 68
85 86 62
80 77 77
75 72 62
84 83 90
76 86 67
74 61 83
77 74 80
70 87 74
86 81 64
86 77 78
89 76 86
75 65 85
87 67 72
64 83 85
67 76 75
64 73 71
88 67 74
61 83 85
64 60 85
71 63 68
71 68 72
60 65 81
79 62 83
77 68 78
86 68 62
70 75 62
68 80 77
61 70 81
84 63 77
62 77 61
67 63 72
79 77 68
71 82 84
79 87 64
74 89 68
90 76 84
63 69 81
80 64 82
66 89 81
89 79 86
86 83 84
86 68 68
84 85 76
82 62 89
67 79 67
84 71 74
81 88 88
90 61 87
68 85 64
64 74 79
76 85 71
69 64 85
69 90 81
65 68 60
74 60 73
62 84 82
61 79 81
82 90 63
79 84 71
87 64 84
73 81 78
69 76 88
63 69 78
71 70 72
74 65 89
65 66 88
71 77 76
70 73 83
66 67 68
83 84 82
63 62 82
75 77 85
60 73 84
65 71 62
86 63 63
78 81 83
82 85 65
86 85 82
75 62 82
87 85 89
70 73 80
77 74 73
86 89 78
62 61 69
68 69 80
76 66 87
82 83 62
61 71 85
65 64 81
81 74 74
60 74 66
63 64 65
79 79 87
76 85 72
70 75 79
81 87 81
70 87 71
89 65 64
60 85 63
76 63 75
68 79 87
80 76 89
83 64 88
84 67 87
72 65 89
88 88 80
83 74 84
62 83 61
84 84 64
66 65 67
75 71 87
87 70 60
71 90 86
85 72 67
80 69 62
90 63 69
66 64 82
63 87 62
73 74 66
62 72 89
84 62 87
87 63 88
80 69 74
75 84 74
64 81 69
72 74 63
83 77 70
76 63 75
79 70 71
87 68 63
89 71 85
88 60 72
76 88 70
88 61 80
69 87 72
77 83 60
79 74 74
70 72 82
71 72 61
85 88 64
63 88 73
78 68 64
75 66 65
65 60 76
80 60 87
82 73 73
68 80 89
90 65 86
62 68 63
81 66 68
77 81 89
61 69 80
64 66 88
67 86 67
65 73 83
68 60 73
75 76 63
84 60 72
89 69 69
74 77 66
64 65 86
66 86 72
76 61 87
80 72 81
81 69 64
68 63 62
88 71 66
89 83 69
73 62 61
82 70 76
63 89 75
78 62 62
71 82 83
68 68 86
89 86 87
66 62 72
66 80 88
77 71 69
79 67 75
76 90 60
82 60 67
84 77 69
81 80 61
75 85 78
69 60 79
72 60 69
72 65 63
84 80 76
66 62 71
68 72 80
64 87 63
77 64 89
70 83 68
70 74 60
79 90 65
60 70 78
86 90 65
63 86 89
88 61 64
67 60 79
86 64 66
72 71 86
79 71 86
61 87 90
72 68 87
60 65 70
90 62 76
81 71 68
88 74 69
72 70 74
79 82 63
69 89 73
88 72 68
76 83 79
76 71 60
76 67 73
80 67 65
83 77 82
67 67 61
79 75 66
87 67 72
78 73 65
75 60 78
73 82 90
75 89 62
60 67 65
79 78 75
77 63 84
78 81 81
75 85 90
67 75 67
87 65 79
63 65 72
69 75 87
86 86 77
77 76 60
85 68 81
67 89 78
76 84 80
90 90 61
65 88 86
75 76 66
86 74 87
80 86 88
79 78 80
75 68 85
75 68 87
81 68 65
73 82 60
71 78 81
85 65 75
84 77 68
72 64 66
74 69 75
68 70 83
82 86 64
82 61 72
64 64 71
84 74 80
67 85 83
90 67 79
85 78 90
69 61 81
84 62 61
78 83 69
60 79 81
77 73 81
63 77 63
83 73 73
75 63 76
87 63 82
86 80 66
82 90 76
68 63 71
89 89 89
80 76 76
61 64 81
87 72 72
72 76 79
83 68 90
86 66 75
88 80 85
86 84 73
79 70 70
85 69 86
63 64 78
69 87 62
68 64 63
79 70 73
89 76 90
83 67 78
76 71 66
90 64 70
81 86 72
66 87 63
84 65 70
64 67 66
85 80 70
74 60 69
83 62 60
77 81 84
82 67 60
76 71 65
74 70 80
77 60 70
90 69 87
74 86 63
75 74 90
87 61 76
77 73 64
63 67 68
69 67 85
68 75 81
64 61 67
83 88 76
75 82 61
79 68 82
84 65 72
60 73 76
61 85 78
80 87 72
64 77 84
81 76 71
83 62 65
75 88 61
79 60 84
78 61 67
79 86 82
82 66 77
64 87 78
67 84 82
65 77 83
85 64 85
81 82 67
70 80 61
72 77 67
71 61 64
74 61 74
83 65 70
62 73 84
64 65 90
89 69 62
64 89 69
63 70 80
64 61 77
62 86 89
60 60 72
74 79 88
88 61 69
77 65 61
84 79 84
67 70 85
62 69 62
62 78 60
69 66 86
79 74 83
66 90 66
85 69 84
69 63 83
64 65 80
64 77 85
62 82 81
80 65 74
88 83 69
75 88 77
66 84 77
60 85 88
65 88 79
63 74 65
77 76 72
90 68 74
90 77 85
65 85 74
77 72 84
64 68 80
90 90 73
63 87 67
90 60 76
89 85 84
61 67 81
75 90 69
73 74 68
60 65 68
79 64 69
75 80 66
75 81 75
67 82 81
68 70 72
83 83 60
80 86 65
62 74 90
88 62 64
72 84 85
88 87 60
66 63 79
62 80 74
87 74 81
86 90 74
65 71 76
71 62 67
62 81 72
82 64 73
76 60 62
62 60 84
77 64 85
73 86 70
70 70 71
68 67 66
65 90 88
72 73 68
80 79 80
65 72 67
79 83 81
75 70 79
84 76 73
71 68 65
67 84 89
73 82 76
69 87 65
70 68 61
79 81 68
84 77 69
66 87 65
87 79 84
70 87 69
88 84 88
80 71 81
77 72 74
89 84 65
63 63 79
75 68 68
82 77 69
65 65 62
87 74 65
63 66 69
69 87 85
62 84 87
60 68 88
66 85 76
74 74 73
66 61 87
72 68 71
64 65 68
68 74 90
75 72 65
69 75 74
75 69 65
75 89 71
83 84 83
78 82 86
70 86 69
90 84 75
88 85 70
67 80 89
83 73 78
66 83 86
63 65 71
61 66 84
82 85 80
63 89 89
89 61 77
76 72 75
87 71 76
74 83 71
60 60 76
82 77 73
75 89 64
87 74 60
83 71 87
88 67 88
89 66 62
63 66 73
88 79 82
81 84 65
85 86 81
88 83 86
79 67 75
62 64 65
87 76 69
85 73 61
80 83 86
81 84 71
85 68 68
64 81 71
65 63 84
84 75 85
86 90 76
90 88 64
73 60 67
89 88 84
68 67 66
68 80 61
74 65 68
80 71 70
75 71 85
70 70 86
90 73 63
75 84 78
60 90 81
72 71 60
79 74 68
80 82 81
81 83 73
78 72 60
73 63 63
88 90 70
83 77 79
85 69 88
71 85 73
82 88 74
71 76 69
70 83 81
70 79 67
90 61 81
82 85 73
68 69 74
63 66 76
61 74 86
87 76 79
67 61 75
66 71 82
80 78 86
80 62 82
67 84 74
70 81 81
67 74 78
79 81 68
72 86 75
75 61 75
71 90 76
82 69 70
74 63 83
76 77 79
68 87 78
86 83 74
79 72 70
73 88 67
63 79 64
62 90 63
90 78 68
86 74 89
74 79 68
72 77 79
87 76 87
68 79 75
85 80 72
76 69 78
69 63 64
89 84 67
60 68 61
86 82 79
80 65 74
65 90 90
90 67 79
81 86 77
78 83 89
88 64 66
76 65 80
72 78 85
76 77 78
80 67 87
81 88 77
71 72 86
66 80 61
62 79 72
82 68 69
81 62 88
80 74 88
71 74 89
64 89 71
69 87 83
86 83 88
70 66 60
81 68 84
81 67 70
67 82 64
68 80 85
85 61 68
65 60 63
82 60 87
64 84 74
73 82 64
64 80 82
68 60 67
78 90 71
86 88 90
89 70 60
82 72 67
77 75 72
74 64 87
82 82 67
65 86 83
72 67 78
90 64 77
85 82 87
82 79 64
80 62 84
86 65 77
77 79 69
60 87 82
61 65 80
70 65 67
84 81 63
89 75 70
72 70 64
90 66 79
75 90 69
70 88 76
78 90 64
80 75 86
68 82 62
76 63 89
70 81 75
71 71 89
60 72 63
84 69 78
75 89 78
65 79 68
63 77 64
76 86 68
84 80 73
79 64 64
66 77 79
88 82 69
61 81 76
65 67 63
79 62 70
82 81 79
65 82 61
66 82 62
62 85 60
74 72 63
87 87 60
61 69 63
68 82 67
90 88 81
72 79 89
79 62 70
86 76 67
74 74 83
69 67 87
88 71 82
72 65 69
85 89 62
63 70 67
69 74 70
61 83 67
62 77 60
66 69 75
80 81 75
68 65 89
68 83 71
80 79 71
76 90 73
88 60 70
70 65 68
65 70 83
67 68 60
67 73 68
84 84 82
77 73 60
89 65 61
80 71 87
77 63 72
89 71 72
67 81 85
75 88 83
67 71 80
72 76 68
67 66 84
84 80 64
69 75 73
68 62 79
69 89 62
62 60 80
65 86 82
85 61 89
87 87 79
64 64 86
76 77 79
75 78 84
87 79 79
68 82 78
90 66 61
75 66 81
88 73 81
60 76 90
79 70 69
80 63 73
75 65 90
81 70 89
77 65 90
67 75 84
79 60 64
70 83 73
80 63 70
75 64 79
78 66 84
89 81 76
80 83 68
74 75 71
79 90 79
85 81 60
74 65 75
79 86 88
80 84 83
81 87 83
70 79 83
63 66 87
72 62 69
84 73 84
64 75 69
82 84 88
64 88 65
87 74 90
60 86 74
73 60 74
68 83 74
73 62 64
90 77 87
67 90 77
67 65 62
66 89 68
76 63 78
76 81 75
61 66 60
64 66 77
63 89 74
86 71 86
73 74 74
77 77 70
63 65 87
79 79 70
74 89 74
81 87 90
68 61 64
64 60 64
73 76 73
68 84 71
84 78 63
75 64 75
69 75 83
79 64 74
76 85 70
64 66 85
69 60 87
60 63 86
71 81 71
61 65 86
65 64 60
82 85 80
82 63 60
70 63 87
79 69 71
64 60 60
89 73 70
78 73 72
61 76 68
90 71 64
69 62 70
62 90 70
62 65 86
73 73 76
78 63 66
68 71 79
88 78 64
71 88 78
78 75 80
62 72 69
85 77 81
81 89 66
87 78 61
84 88 74
60 73 90
83 85 65
73 69 74
70 66 62
62 66 73
61 78 63
75 78 79
89 84 85
76 68 67
86 64 67
85 71 67
65 78 86
64 75 85
90 76 70
82 62 65
78 83 90
79 89 80
75 62 70
72 84 84
77 73 71
76 62 63
70 64 90
64 81 88
65 84 73
85 71 89
88 88 61
85 61 87
64 74 70
65 60 60
64 87 65
68 90 89
77 74 75
84 85 70
80 67 77
71 71 85
89 87 69
78 71 79
78 89 81
75 87 68
76 74 71
66 62 90
85 80 65
75 77 90
83 79 78
71 61 76
67 69 60
90 75 70
78 86 79
61 66 89
68 72 75
65 60 81
75 89 85
77 75 76
72 63 90
75 60 73
67 76 78
84 89 62
88 76 79
78 82 72
89 68 68
77 63 89
80 74 90
82 74 85
61 75 60
78 83 87
81 74 76
77 85 83
77 78 74
60 86 65
80 66 86
73 85 61
80 76 64
75 75 60
60 68 65
85 62 78
67 72 83
70 82 84
90 67 83
83 79 65
88 64 86
72 66 60
79 73 76
72 77 60
72 89 76
90 80 86
78 79 69
86 77 77
66 72 73
89 77 67
60 84 78
76 74 78
84 64 79
60 62 79
87 90 84
88 76 66
68 72 82
66 82 61
67 60 66
79 79 74
67 64 75
73 84 72
66 73 80
90 67 67
70 76 65
62 78 67
85 78 86
61 65 73
70 87 73
77 61 73
73 87 86
74 89 68
71 72 71
71 60 66
69 88 61
73 88 61
74 88 61
85 72 75
61 67 81
67 70 74
86 72 63
74 73 67
60 68 86
72 84 83
77 72 73
78 75 79
63 78 82
89 73 84
81 62 82
71 84 87
78 87 89
64 71 78
86 63 81
90 84 75
82 75 78
86 86 87
62 62 63
70 89 90
71 78 72
77 61 73
64 88 73
72 80 89
72 67 68
76 78 89
70 64 80
90 77 90
62 62 89
66 70 86
81 63 63
62 76 85
74 87 61
87 89 88
90 88 81
90 78 82
89 64 62
89 87 67
74 85 89
83 80 65
80 79 82
73 60 73
74 76 89
79 64 80
64 77 82
60 65 68
69 62 67
88 74 64
67 90 86
89 68 86
68 75 70
89 73 89
63 61 86
67 89 62
64 81 78
70 70 62
67 75 75
61 85 72
80 77 71
73 67 69
83 85 81
61 65 61
86 80 72
72 89 71
79 63 77
78 68 60
78 89 69
85 68 90
73 69 87
67 79 80
62 82 88
67 79 78
75 64 66
79 64 71
77 60 81
60 70 86
65 80 68
81 82 87
68 63 85
80 67 63
63 78 86
70 65 73
63 79 72
64 73 85
87 67 78
83 62 76
71 73 90
87 69 84
90 66 72
63 60 82
90 73 63
64 71 62
78 89 71
80 77 69
64 77 73
70 90 86
61 61 71
71 79 70
62 70 64
60 89 88
60 89 80
79 75 70
74 65 82
86 72 63
69 84 72
71 74 80
62 85 66
61 74 73
86 60 81
83 62 71
69 66 83
72 65 75
67 83 69
67 83 71
61 65 63
90 60 90
71 78 79
82 65 77
79 89 61
78 77 73
79 61 61
65 72 61
85 62 77
84 73 85
68 60 84
69 79 90
68 75 67
75 75 89
73 70 61
82 77 64
82 60 71
82 66 65
84 73 87
89 86 77
74 77 77
89 71 65
83 89 61
86 76 66
88 72 68
63 89 70
90 71 61
65 82 70
75 87 74
63 65 74
90 85 74
72 64 79
62 71 77
81 74 78
73 62 77
83 65 85
74 90 82
88 64 77
75 81 81
89 69 63
84 88 72
65 86 89
82 90 69
88 87 75
78 90 64
72 74 85
90 82 62
77 88 61
82 77 71
76 64 70
70 80 70
63 83 60
69 76 81
60 67 65
77 79 64
60 66 69
63 89 64
62 69 66
87 61 68
67 85 60
88 85 60
71 86 76
89 74 69
67 72 81
82 67 65
77 83 63
64 63 65
74 76 88
60 79 64
89 73 74
75 73 68
77 85 73
61 85 74
86 83 79
73 80 81
71 68 66
80 85 61
76 75 70
62 63 76
81 88 60
66 89 71
61 63 65
61 90 64
64 82 69
83 71 81
77 81 82
75 65 73
72 68 65
85 63 78
69 72 86
90 83 60
89 81 74
84 75 88
60 83 87
73 76 62
82 84 60
75 69 75
81 86 68
80 79 68
68 63 71
74 90 72
78 66 81
83 87 65
61 64 66
61 82 85
60 64 67
87 66 70
72 86 74
77 90 82
86 66 85
90 60 81
81 81 75
61 62 81
82 71 78
88 85 62
79 77 82
72 77 66
81 62 90
74 63 64
69 71 77
81 75 78
71 67 85
77 87 89
65 87 82
78 73 69
87 75 73
75 66 80
84 72 85
89 71 69
75 76 68
83 78 67
74 72 67
78 72 80
77 72 73
72 73 63
88 60 71
62 66 69
87 67 85
83 88 70
88 64 73
83 61 87
79 81 83
70 72 76
86 72 80
77 80 85
82 84 85
78 85 82
70 66 63
83 78 83
69 61 84
87 85 68
85 84 60
83 75 90
74 76 65
60 75 71
77 70 77
82 60 75
63 82 90
68 71 82
72 60 77
85 60 88
82 88 83
66 80 88
86 80 66
66 64 70
63 74 69
66 67 64
82 89 68
65 67 76
85 70 77
80 78 60
70 60 83
84 63 86
71 76 78
86 60 89
78 63 62
90 88 68
77 82 77
83 85 80
90 71 79
64 61 78
88 65 72
75 70 62
86 70 75
60 62 70
63 73 79
72 61 61
65 73 68
64 80 89
60 86 65
70 76 79
83 87 62
67 89 67
64 70 63
74 61 88
81 61 80
71 68 84
60 75 88
67 63 88
85 77 68
60 81 68
67 77 67
89 85 86
89 70 73
68 78 63
77 86 64
64 69 64
80 88 72
75 84 88
80 83 84
80 90 79
81 90 64
68 66 60
60 80 62
82 83 81
83 81 73
63 82 66
60 65 89
74 82 82
64 62 64
89 71 60
65 64 71
70 70 64
82 68 78
74 72 67
65 70 68
75 65 67
77 69 65
76 79 75
88 62 60
61 72 83
65 86 87
82 62 87
61 72 61
85 88 77
77 85 73
81 86 85
80 75 87
82 63 78
84 62 65
67 71 62
69 76 85
85 60 62
76 69 73
86 75 60
79 81 75
65 86 67
87 70 68
86 89 65
79 72 62
72 78 68
65 69 65
77 72 85
67 73 90
83 86 73
69 61 81
61 62 75
73 69 64
60 66 81
71 90 70
60 65 90
83 77 84
81 70 78
60 86 70
77 74 65
88 74 72
85 86 82
62 73 69
69 88 66
77 84 74
62 89 82
76 61 90
69 85 90
70 65 81
66 65 72
62 68 85
62 88 75
73 66 79
63 75 70
64 76 68
64 77 66
81 69 87
86 60 77
65 65 62
63 68 81
74 62 83
62 72 82
87 65 82
74 74 77
85 67 73
61 67 70
78 82 76
90 71 80
88 88 62
85 62 72
87 74 86
80 75 66
73 71 68
80 85 84
80 72 82
88 69 86
76 90 86
84 87 60
60 78 71
83 90 76
62 88 76
60 69 70
77 65 81
87 88 69
67 85 90
73 61 72
83 83 79
66 74 66
83 89 73
67 82 80
90 71 73
88 87 77
88 70 86
60 80 89
74 85 67
71 61 82
79 60 76
76 78 75
81 88 61
64 87 84
67 77 69
62 70 60
68 76 60
71 78 70
71 63 89
67 63 78
87 85 88
88 84 85
64 65 60
67 60 61
84 67 79
72 78 81
84 70 60
88 67 79
88 65 89
86 83 77
61 90 73
73 74 74
66 87 89
83 73 79
78 85 66
71 87 89
77 77 78
86 71 79
75 83 60
72 70 78
89 70 60
79 83 87
75 88 70
85 78 69
60 71 64
66 90 81
87 68 77
61 70 68
66 63 72
86 61 80
74 84 64
72 90 89
78 82 83
74 80 89
61 74 79
76 60 75
70 62 88
63 78 67
73 81 78
68 71 84
86 81 70
76 66 62
84 69 90
87 88 65
81 62 68
71 62 60
73 90 78
77 86 88
71 66 60
78 78 73
87 73 78
67 74 77
87 89 62
73 63 89
75 75 68
74 89 62
63 73 80
83 89 76
87 79 61
66 76 89
83 69 69
80 78 82
90 61 69
77 63 80
62 74 86
68 84 77
62 74 84
88 67 74
67 85 75
86 62 78
73 88 75
79 73 82
82 65 61
71 77 82
88 77 62
85 84 82
61 69 88
76 75 72
73 69 87
89 89 86
60 88 71
72 87 76
67 60 80
81 83 69
76 80 87
67 67 76
60 90 61
80 61 65
80 68 80
64 78 86
84 84 70
66 70 74
70 81 77
88 82 84
89 60 70
64 76 68
89 86 63
84 78 79
73 73 84
80 81 78
77 63 76
87 63 81
70 90 88
64 88 61
65 74 85
66 70 62
82 67 82
76 65 63
90 60 80
77 62 86
62 86 83
80 90 84
63 71 84
67 89 77
83 64 63
67 80 80
66 77 72
76 61 73
82 85 83
84 75 77
74 70 82
74 74 78
88 83 88
79 64 63
78 61 73
81 62 75
76 63 76
68 76 84
74 88 89
60 79 75
64 80 60
63 87 72
80 86 68
63 68 60
84 75 61
68 60 80
74 64 68
84 86 85
85 66 83
75 85 88
85 67 86
70 83 64
73 77 80
90 79 60
67 76 90
60 82 82
83 85 90
79 60 83
75 88 66
75 65 70
83 74 80
76 67 67
68 81 63
81 71 69
67 63 65
67 79 71
88 64 74
75 70 80
88 78 76
69 78 79
78 64 84
88 78 73
73 67 64
78 84 65
79 85 75
78 60 80
88 65 87
83 73 71
90 71 79
83 80 76
85 73 61
70 68 68
72 80 67
65 78 75
61 80 82
65 89 70
69 90 72
76 81 84
61 89 88
79 75 76
71 86 86
83 74 62
70 68 84
67 76 86
65 75 70
66 68 73
66 66 76
87 74 69
78 72 80
79 68 62
65 79 76
78 65 66
69 69 75
72 62 78
82 67 66
67 74 62
80 83 68
64 75 68
65 83 62
69 62 87
69 60 69
88 72 67
86 68 72
68 75 75
81 64 63
76 68 76
77 69 85
86 78 86
85 64 85
73 63 78
66 73 81
76 90 60
78 78 74
87 75 62
89 72 63
62 77 61
82 72 81
82 76 88
89 77 74
90 86 69
84 62 61
89 77 68
71 86 85
64 69 70
73 79 77
79 86 88
61 62 76
89 75 65
63 62 80
90 81 70
65 75 84
67 68 66
77 71 81
79 85 69
78 75 60
71 77 81
60 87 71
81 68 78
69 88 90
70 76 74
83 60 63
87 78 83
83 90 82
77 80 73
77 87 89
75 75 78
62 63 64
88 60 86
79 65 82
77 77 73
79 80 84
81 70 75
89 77 79
76 75 72
64 68 83
67 81 82
73 63 88
68 66 82
65 66 85
76 62 82
81 88 62
78 84 70
89 61 80
62 72 81
85 73 67
77 74 70
90 84 64
65 89 80
71 72 78
69 70 76
71 68 86
65 80 83
71 68 89
60 76 65
76 64 77
78 87 83
90 79 81
69 90 70
68 82 86
60 69 83
82 83 61
62 85 77
89 89 89
65 66 69
79 82 76
70 66 82
88 78 81
69 79 86
73 83 61
70 64 74
73 62 75
62 86 77
87 60 67
87 68 87
86 84 88
67 71 67
82 61 65
65 87 75
85 66 82
64 79 81
85 69 81
76 75 75
79 61 62
85 74 76
89 81 66
75 87 64
79 78 69
72 63 74
87 80 67
66 76 72
69 80 80
69 83 90
76 86 83
70 89 66
78 62 81
74 60 68
89 60 90
89 84 89
62 67 66
82 60 62
87 63 74
84 72 67
77 85 76
76 75 87
84 60 81
86 87 67
80 74 66
82 74 78
60 78 80
76 78 74
89 75 67
66 64 64
75 86 74
77 65 66
76 80 86
61 88 79
66 87 80
63 82 60
71 83 79
67 68 70
75 63 64
83 66 85
64 64 80
63 78 61
75 89 70
83 83 62
70 60 74
69 62 78
66 88 73
60 70 75
67 64 77
64 81 78
68 89 78
69 64 78
77 62 81
78 69 73
90 66 82
61 68 78
87 77 82
61 61 74
85 66 72
63 88 75
87 76 78
68 70 79
61 70 79
60 63 74
77 68 76
88 72 70
83 75 61
80 72 86
90 83 73
62 77 85
60 64 84
88 64 80
83 75 81
89 60 71
66 61 66
70 71 61
69 88 71
61 71 89
71 60 88
81 77 70
78 89 62
75 71 86
79 72 66
85 73 60
90 82 60
83 65 75
83 75 74
86 69 85
71 90 87
61 84 60
85 60 80
80 73 75
78 84 78
68 70 65
68 65 77
83 76 70
80 71 63
79 72 65
69 62 72
74 90 72
76 72 72
70 73 84
86 74 88
68 90 80
82 81 63
71 69 68
89 76 66
67 68 82
72 83 61
62 83 82
73 81 78
73 76 89
75 68 73
80 85 75
75 71 87
62 71 69
69 63 73
62 88 81
72 69 73
69 60 68
87 75 76
69 87 64
84 71 69
83 85 69
90 63 67
64 76 86
68 88 78
84 81 64
70 68 76
64 76 68
74 77 88
72 88 85
64 84 73
62 87 76
62 86 81
60 70 70
67 67 61
86 63 90
65 77 60
60 76 84
79 64 71
87 84 83
79 85 90
81 63 61
61 90 62
86 77 74
69 86 60
70 78 83
64 62 60
66 78 77
70 85 74
69 62 81
73 77 65
82 74 78
67 62 72
87 69 70
85 74 80
80 78 83
74 70 78
86 73 81
60 88 61
76 79 87
85 76 86
76 85 87
72 69 69
89 74 62
77 81 81
69 78 90
79 68 68
72 65 70
70 65 82
75 90 74
82 64 87
90 63 71
87 75 62
61 87 71
81 84 86
74 83 76
83 67 76
78 84 60
67 81 67
74 64 66
74 86 64
60 60 65
64 77 71
76 73 65
82 75 81
78 69 76
79 62 67
90 88 77
65 74 86
62 85 86
86 76 76
66 76 76
83 89 80
68 76 75
81 64 90
68 68 69
64 77 70
69 87 86
73 83 78
61 75 77
88 85 83
83 75 82
79 85 71
86 86 89
79 89 76
82 72 63
63 83 75
84 79 87
73 66 81
74 89 79
66 80 86
87 60 87
81 68 85
85 72 78
60 76 69
65 83 82
61 85 75
70 82 84
78 79 64
86 65 79
89 78 61
70 72 90
62 85 64
60 61 71
82 80 68
85 64 84
69 62 63
79 63 88
82 79 66
89 81 66
73 67 75
76 77 85
67 61 75
69 71 67
71 85 77
82 86 74
82 88 90
61 61 85
72 81 83
69 71 88
78 76 76
64 90 90
69 72 74
85 83 62
85 78 89
64 87 84
90 71 72
69 64 86
75 60 61
80 73 72
75 70 82
89 73 77
90 74 88
67 90 90
77 76 86
67 71 67
68 70 60
74 68 72
81 79 72
86 72 83
90 60 72
87 79 80
69 90 69
81 73 86
87 84 75
64 79 85
85 86 86
70 75 69
67 72 64
73 69 67
64 82 87
73 62 86
66 64 72
84 74 67
88 65 84
71 76 68
81 78 71
65 70 61
66 83 79
77 65 75
67 76 79
81 76 68
69 85 75
69 70 80
65 83 75
66 61 66
86 68 81
87 81 73
60 74 89
73 81 71
87 69 65
68 79 73
84 87 86
86 88 76
83 61 75
79 77 75
66 89 74
67 81 77
60 79 65
78 72 74
89 74 64
88 80 78
86 81 88
72 73 83
84 86 82
86 65 87
87 85 78
76 80 81
69 86 75
69 85 76
82 74 87
79 64 80
78 85 77
63 79 85
78 69 69
72 69 88
71 82 60
88 60 73
87 73 82
82 89 80
77 68 69
89 60 90
86 84 68
90 88 60
73 74 88
76 71 66
64 71 66
76 75 85
85 67 72
88 88 65
66 81 89
62 80 60
82 71 89
89 79 76
67 76 89
69 90 69
71 82 87
75 83 81
68 69 82
71 80 80
90 70 76
90 74 82
61 60 75
68 64 61
69 62 90
86 84 70
66 81 64
72 89 63
82 63 85
77 67 80
85 74 72
85 65 69
66 88 88
76 65 83
72 69 68
69 71 70
67 66 86
66 87 76
71 80 87
65 67 81
78 84 61
78 68 77
83 70 70
66 85 61
76 82 65
88 86 89
70 77 75
70 74 76
72 77 72
90 64 85
71 60 68
61 62 80
89 72 70
83 73 73
90 74 71
66 66 66
81 69 62
68 71 83
82 70 75
90 90 67
87 84 73
65 89 60
71 89 82
83 84 86
70 80 83
90 65 76
70 86 80
88 62 77
75 71 88
63 61 80
88 90 63
74 90 87
89 66 79
78 88 86
87 65 68
77 64 64
80 84 62
65 74 64
60 83 90
86 67 79
69 75 90
67 76 82
78 76 77
73 63 71
88 61 71
62 66 69
67 85 80
70 88 88
90 90 73
63 68 77
63 63 71
64 84 78
72 75 65
80 73 74
83 76 60
87 64 77
75 72 76
83 69 67
81 89 72
67 87 89
62 87 85
77 74 87
88 64 70
84 84 65
61 70 73
69 80 63
67 81 65
89 73 81
77 63 90
63 82 75
64 63 90
87 61 90
60 69 68
62 63 88
64 65 67
88 84 85
77 84 64
77 89 73
86 90 64
66 77 79
79 79 62
89 85 88
77 89 86
66 82 74
76 62 88
71 76 72
63 67 60
69 76 70
86 76 63
82 66 87
68 88 61
75 74 66
84 76 77
75 68 88
86 67 61
65 66 66
72 64 86
89 61 89
87 74 72
77 64 74
64 79 66
76 82 84
79 68 84
79 69 67
86 90 79
66 78 81
71 65 63
79 63 73
76 64 77
60 60 61
60 85 64
78 86 74
68 61 85
60 90 63
79 79 61
80 82 64
85 61 68
74 71 87
73 61 78
85 64 72
79 62 86
63 64 63
77 79 66
61 89 84
80 74 68
64 70 62
89 75 77
90 90 70
89 69 64
68 62 63
66 63 69
81 75 83
73 63 90
71 68 78
77 90 70
85 73 78
87 80 72
83 77 89
72 76 80
85 69 61
84 60 83
67 75 73
77 80 80
90 77 87
61 83 68
75 89 86
68 66 88
60 79 60
89 84 83
64 80 72
71 61 86
86 65 66
66 75 65
70 61 78
72 76 70
60 61 90
71 85 73
78 77 73
66 87 72
82 90 65
80 61 90
60 89 69
87 87 67
64 89 77
82 74 63
79 68 78
84 80 69
77 73 62
72 60 61
89 86 74
87 77 68
89 64 65
70 71 81
63 72 73
64 68 66
78 77 71
75 84 66
83 77 82
82 63 64
88 84 83
79 82 90
82 84 86
66 74 76
78 83 72
61 89 79
72 62 73
82 90 65
88 67 65
86 83 63
83 84 85
86 77 65
64 76 62
84 72 82
77 87 63
90 88 81
64 64 70
88 89 77
85 69 73
88 90 83
70 66 62
84 90 63
87 60 86
72 89 64
67 77 80
67 80 89
64 80 64
77 68 82
77 90 82
87 74 77
64 63 88
65 90 82
89 85 86
67 77 82
68 77 82
69 65 69
84 82 84
64 69 83
63 86 88
77 62 72
70 85 63
63 83 77
84 69 85
63 75 67
90 89 81
72 76 81
73 70 73
89 60 66
76 81 65
83 83 90
74 79 80
65 71 87
87 74 64
62 79 80
87 80 70
69 87 70
84 75 61
68 64 65
89 87 79
77 81 76
80 61 70
87 86 81
73 72 60
69 74 64
74 61 84
65 70 74
89 70 71
83 83 89
87 74 60
65 65 75
79 61 85
73 64 61
78 75 68
84 64 72
82 85 74
80 72 65
75 89 84
69 64 85
75 68 61
71 89 89
77 81 67
67 60 75
74 81 87
66 63 69
63 76 61
69 70 87
75 76 89
65 81 78
85 67 66
60 83 75
87 65 88
74 73 80
66 74 84
90 63 81
60 79 72
65 65 69
74 70 75
72 67 62
77 61 77
82 90 77
70 86 61
83 80 65
64 66 62
85 78 84
66 67 72
82 87 81
75 72 84
63 64 65
74 80 66
65 82 61
64 74 62
77 61 78
61 72 66
82 70 73
70 82 72
78 84 74
60 63 61
71 67 83
71 71 85
79 67 87
61 70 78
87 62 78
68 74 64
72 80 75
65 90 66
64 90 86
73 87 88
75 77 63
63 89 62
61 83 76
73 76 62
63 84 70
86 71 87
81 73 74
89 68 75
83 78 78
79 67 68
73 70 84
84 60 83
88 85 63
68 90 65
85 64 66
72 88 65
85 63 83
82 72 64
61 64 69
72 68 74
76 86 64
61 83 83
88 60 75
70 78 82
67 79 83
77 83 88
71 89 74
66 85 68
84 65 66
69 67 69
61 62 70
76 71 87
79 60 77
77 84 88
79 80 69
62 80 89
83 75 81
63 76 86
83 80 83
82 68 88
89 89 80
90 73 78
75 74 75
82 72 87
66 83 76
66 63 73
63 90 75
85 61 76
86 67 86
78 75 61
86 66 60
83 86 63
87 84 70
70 69 68
85 67 87
87 76 65
60 68 71
86 90 64
82 86 69
79 63 84
81 68 70
63 74 66
90 60 78
81 76 74
87 79 89
76 63 67
74 85 71
79 74 81
83 74 65
74 89 61
63 81 82
65 83 70
70 70 61
64 83 71
87 70 85
66 61 66
72 79 63
84 90 80
90 66 84
79 78 67
72 67 68
74 69 63
82 73 72
67 78 76
80 71 64
84 88 79
85 78 77
73 87 76
74 63 60
66 80 73
69 70 70
85 61 87
80 78 86
78 68 66
69 66 63
79 65 68
64 71 74
84 87 87
71 70 73
64 71 85
89 74 87
71 82 72
77 66 73
79 80 62
65 61 67
78 66 76
83 86 88
87 61 86
89 73 85
65 62 73
76 71 65
74 89 69
60 74 75
64 75 62
76 86 63
90 78 82
72 82 83
73 82 77
89 69 84
89 63 78
64 61 74
76 76 66
72 86 73
90 74 78
70 90 67
70 84 79
60 84 87
83 62 76
86 72 68
81 82 78
87 87 76
80 80 68
66 62 73
70 79 65
77 90 74
79 88 60
61 78 88
84 72 85
78 88 86
75 90 86
75 77 82
73 71 61
79 86 77
67 87 71
74 71 61
78 87 70
84 64 73
70 65 78
77 85 87
76 83 70
63 88 69
64 66 87
60 76 89
61 68 77
69 66 90
68 84 74
70 79 82
77 81 60
64 72 73
61 83 80
66 77 78
82 86 69
89 85 83
72 73 60
90 62 67
82 81 77
85 74 89
84 60 84
78 83 81
69 69 69
63 75 66
90 75 90
60 86 67
74 74 77
74 70 79
68 76 75
79 73 63
63 66 80
70 81 79
81 79 73
83 89 77
64 73 79
68 62 69
74 67 70
67 83 83
68 88 84
81 62 84
71 83 85
62 74 87
83 67 80
80 82 68
89 82 84
76 73 84
77 76 63
71 87 82
69 62 82
71 79 75
64 61 65
88 63 68
87 60 63
89 75 81
68 67 80
87 85 72
70 86 72
79 73 65
77 81 76
61 60 89
79 79 74
61 61 64
68 71 68
80 65 65
62 78 63
79 75 60
87 89 79
80 61 76
62 68 79
86 60 76
63 90 64
74 80 89
61 62 87
76 86 77
84 84 86
72 79 86
84 89 83
71 72 87
68 75 86
70 83 64
68 72 75
89 74 68
71 88 78
75 71 73
84 81 66
84 65 84
87 69 67
71 62 67
66 67 63
79 71 77
69 89 83
72 62 68
69 90 63
70 86 79
86 69 83
87 71 89
73 69 73
66 90 61
62 69 61
63 81 75
65 70 70
71 67 71
80 78 69
70 66 64
66 67 76
87 69 68
88 71 84
65 90 60
88 88 89
87 65 75
85 72 63
82 72 87
83 77 63
63 66 63
74 82 83
82 73 72
87 86 88
66 83 80
75 72 84
67 64 69
80 89 65
68 84 90
85 65 73
62 68 60
71 72 65
67 63 76
72 74 83
76 79 62
67 62 82
82 69 80
62 73 61
76 80 70
71 73 86
87 66 66
72 75 77
89 81 82
77 69 75
67 75 82
65 68 74
85 85 88
85 64 69
79 68 89
80 71 66
74 72 67
65 71 76
84 85 77
64 84 76
76 66 77
90 78 61
86 75 82
88 70 83
86 61 76
80 62 77
64 82 62
85 77 64
73 90 85
90 62 64
84 82 77
86 88 69
82 63 62
60 65 72
75 78 64
80 86 78
89 72 87
90 87 80
78 61 64
86 88 72
89 89 62
68 84 82
88 72 78
69 70 79
79 89 82
67 64 76
65 61 75
83 88 86
69 74 76
74 87 86
85 75 76
66 70 78
67 74 85
75 79 63
69 71 88
66 71 71
60 69 73
75 65 84
67 65 81
62 78 89
82 82 61
81 72 79
75 61 89
79 61 86
74 75 83
76 67 84
78 61 62
87 63 65
63 70 64
85 80 72
68 79 60
74 63 68
84 83 63
61 75 64
61 87 64
72 69 66
86 83 64
81 70 61
60 76 84
86 90 74
68 90 60
88 74 77
71 77 89
87 87 83
71 60 86
61 81 75
63 89 87
62 65 65
88 65 90
80 87 89
60 86 85
90 74 90
71 81 85
90 87 65
81 86 63
86 81 84
62 90 61
68 70 75
61 74 82
76 61 73
61 81 61
76 63 83
72 69 65
63 83 84
72 65 88
83 68 76
67 88 84
69 60 87
62 85 89
66 64 67
65 89 85
79 90 72
88 63 66
67 66 81
81 90 60
86 88 63
74 89 70
67 70 70
78 75 71
79 85 67
79 67 72
77 69 69
88 80 79
87 80 87
70 78 64
70 82 88
77 67 72
84 67 75
81 64 79
61 89 62
84 78 73
87 63 79
72 66 87
62 84 65
87 75 88
89 89 89
83 64 66
71 68 61
69 81 61
83 60 80
90 61 82
62 74 81
60 71 85
82 82 78
89 73 60
85 70 89
82 67 60
68 89 84
80 63 80
83 88 81
70 90 80
65 76 88
88 81 79
78 89 79
62 62 60
87 70 84
70 81 71
68 65 79
90 69 85
85 71 89
72 68 87
72 64 67
85 67 67
66 87 80
77 71 86
85 79 88
69 89 79
78 77 73
62 73 70
70 82 82
74 84 88
64 61 66
80 63 61
64 78 80
87 65 77
60 80 82
84 63 68
71 65 63
84 68 77
84 88 65
80 83 79
64 82 77
82 62 72
81 66 87
79 67 85
88 82 86
80 70 66
75 68 77
86 63 80
70 86 81
76 82 74
80 80 77
60 87 76
89 61 62
71 90 77
63 65 86
71 74 68
87 88 81
71 62 63
80 89 68
61 77 86
81 73 88
76 64 72
82 90 70
79 63 61
87 69 88
70 84 86
85 74 63
76 69 67
77 67 90
89 61 72
77 85 90
84 65 61
80 72 81
74 73 87
80 70 74
71 77 63
66 87 90
76 66 78
82 80 89
67 85 65
81 83 62
82 81 62
74 83 78
82 82 64
84 76 87
82 64 89
90 65 70
67 87 79
70 67 66
87 77 86
61 85 87
64 79 69
71 77 62
80 88 77
63 83 61
81 78 63
76 70 65
65 79 71
82 75 65
72 71 78
76 83 80
86 79 62
81 89 66
63 75 70
87 61 68
67 60 71
89 65 64
73 70 89
63 70 75
76 69 78
85 81 71
83 81 65
77 83 63
82 69 72
88 87 64
73 78 63
72 67 90
65 66 83
68 71 65
84 85 87
69 86 79
60 68 80
82 78 87
80 66 78
63 86 79
61 78 78
80 86 75
74 65 61
66 77 73
88 67 70
80 70 63
82 62 68
89 77 62
81 74 77
66 87 73
84 85 75
70 69 60
71 65 76
81 86 87
80 71 60
74 79 66
68 90 75
83 85 89
67 65 62
79 62 81
70 87 85
82 66 70
78 63 85
70 75 65
74 71 81
71 60 83
62 60 62
90 65 75
81 87 75
79 70 71
78 76 62
87 66 87
74 67 82
68 74 75
90 79 76
69 60 90
85 82 74
87 79 60
90 84 72
74 77 75
82 71 64
89 74 75
89 77 89
72 86 80
67 78 89
69 70 85
72 72 86
69 61 68
70 89 73
70 82 83
63 84 65
77 71 73
68 88 60
84 64 78
81 67 62
75 69 80
74 76 71
81 86 84
70 80 66
77 75 72
79 71 70
78 83 65
76 63 64
61 75 66
60 87 77
89 66 63
79 88 80
88 77 70
83 66 84
78 65 72
74 84 69
76 61 62
79 61 89
64 81 70
65 74 89
81 67 70
86 69 76
64 88 69
77 86 72
88 82 63
76 73 80
63 89 79
82 90 61
66 68 62
70 66 83
83 79 62
67 88 71
62 79 89
83 68 70
73 80 87
70 72 73
76 73 61
67 89 71
65 67 76
69 65 84
60 63 69
85 83 87
66 73 85
74 84 66
76 89 84
64 63 78
69 83 74
68 90 61
75 70 76
74 74 72
65 86 66
83 86 79
62 61 77
87 84 88
88 60 68
74 72 85
70 87 63
66 69 73
72 74 60
75 80 73
63 85 79
80 84 79
77 69 82
83 79 86
82 78 78
60 81 61
79 78 88
90 65 84
63 85 83
75 74 76
81 87 76
67 79 76
85 63 72
80 84 61
60 86 76
66 83 63
86 89 90
74 82 71
87 74 67
60 62 79
69 90 65
87 80 72
60 89 75
82 73 76
80 65 61
63 66 86
69 89 71
61 89 89
81 78 88
82 69 70
78 68 67
62 62 87
89 88 90
88 69 72
83 89 88
78 61 73
79 61 85
89 66 89
66 75 80
86 84 83
63 85 81
87 61 87
86 73 85
75 71 71
67 87 63
68 61 72
88 76 65
78 73 83
67 85 67
74 73 66
78 62 77
73 72 63
62 69 63
62 78 88
61 69 78
74 67 62
64 82 70
73 74 68
79 86 84
72 73 89
75 72 87
60 86 83
79 67 74
79 90 60
76 61 62
86 68 85
72 66 89
60 74 74
89 64 78
63 85 68
60 73 90
73 80 90
88 79 81
66 87 68
60 81 86
80 68 69
71 67 79
74 71 65
87 78 76
68 65 78
80 82 62
87 86 69
67 83 77
70 89 68
75 65 77
77 77 60
78 83 85
71 71 85
90 82 65
80 67 74
85 65 79
77 64 90
62 72 76
66 83 89
67 83 90
67 65 82
86 76 87
73 79 66
85 71 72
84 72 76
76 73 66
63 81 86
82 89 80
80 80 63
71 89 77
74 86 77
69 75 73
71 63 67
67 67 74
82 90 67
87 84 63
72 72 79
79 71 75
84 65 73
84 83 72
71 65 86
86 88 88
68 83 69
79 84 65
76 81 73
67 79 80
69 76 85
77 66 73
74 69 64
87 79 86
71 80 75
64 79 84
64 68 84
81 60 64
62 72 69
71 66 83
61 85 68
90 68 71
78 87 65
82 85 79
88 71 69
86 88 64
70 79 68
85 89 65
82 70 84
64 80 81
63 84 61
80 60 61
60 90 89
69 71 75
78 75 79
77 89 89
82 60 68
73 68 85
67 66 66
80 62 64
84 78 76
68 62 70
77 80 80
90 81 86
86 64 65
66 60 62
69 66 63
81 65 90
76 64 74
78 71 65
60 70 73
74 60 71
68 82 65
82 87 90
90 79 88
66 80 63
74 80 87
88 67 69
62 78 73
64 66 89
73 82 85
79 61 63
64 73 61
65 74 69
63 62 80
87 73 64
83 62 66
76 60 84
60 88 80
77 79 79
64 90 74
74 64 74
70 87 64
74 68 78
87 74 83
69 76 68
78 73 79
83 70 88
82 90 84
81 77 64
77 75 63
77 67 86
89 75 60
74 73 89
78 89 83
89 81 88
84 60 85
62 84 90
80 84 62
70 84 85
77 69 62
89 72 87
90 66 79
87 69 75
60 70 79
61 72 70
85 65 76
63 85 90
87 68 81
83 61 85
74 72 73
81 84 60
81 89 61
90 63 61
62 63 72
82 90 68
63 77 88
81 83 80
80 83 60
90 60 86
86 66 67
90 62 74
65 79 78
66 82 81
87 88 90
64 60 88
79 69 69
87 84 71
82 89 75
74 67 60
67 61 73
63 61 74
78 83 72
85 66 61
81 76 67
70 72 60
68 88 78
71 71 76
84 64 81
66 89 64
69 76 60
69 63 76
88 86 79
71 70 63
72 76 80
90 78 79
81 63 90
88 80 87
78 63 89
89 68 83
68 73 84
67 71 66
85 78 82
73 66 67
74 88 61
73 86 75
79 82 76
83 64 81
86 80 74
65 73 72
72 60 86
65 66 89
71 68 85
73 65 85
83 68 78
83 77 88
86 77 75
72 87 66
62 84 73
82 69 62
61 71 70
72 69 63
84 80 83
75 76 70
75 73 85
81 60 69
61 82 86
78 84 83
69 88 86
84 62 74
67 63 84
66 67 69
67 85 62
61 84 67
75 85 86
84 65 74
80 73 62
60 80 64
80 86 61
60 75 81
79 90 82
78 79 81
90 82 74
67 79 72
73 69 76
67 76 73
82 78 90
86 79 66
62 70 66
62 71 72
72 71 89
83 64 72
79 89 90
69 70 78
81 69 78
74 87 73
73 70 89
84 73 68
63 82 83
60 75 81
66 89 60
89 60 78
79 84 69
73 87 76
60 76 88
62 86 73
84 65 61
79 63 72
83 65 65
89 69 87
76 78 83
72 77 68
60 63 64
89 75 85
81 68 62
90 76 76
74 86 63
62 73 75
90 82 63
70 86 66
77 74 83
80 63 90
87 74 61
78 85 65
60 76 64
73 77 61
74 67 85
90 87 67
85 67 88
84 80 70
75 85 88
84 80 90
67 79 84
83 88 73
73 61 63
80 64 64
62 60 63
63 67 85
84 61 75
78 75 87
61 64 85
76 74 64
63 78 71
79 89 80
79 90 62
75 77 85
72 89 62
79 86 61
74 89 86
81 60 72
79 86 86
60 64 75
60 80 62
62 82 61
83 82 87
82 69 77
87 82 90
64 77 61
70 87 64
76 79 90
88 80 78
60 69 87
89 74 81
63 87 90
72 90 61
64 66 74
72 69 83
79 61 73
64 60 78
89 83 83
78 69 62
63 77 70
85 85 67
78 77 66
70 76 71
68 66 71
83 71 74
76 60 81
89 79 84
67 60 66
69 83 62
74 75 90
73 73 64
90 70 68
75 60 68
76 65 72
87 76 87
65 88 79
67 77 61
67 77 68
87 62 78
79 87 78
63 63 79
67 69 85
61 65 71
87 63 87
72 60 69
61 71 81
68 75 60
60 63 69
83 83 66
78 66 86
61 77 79
81 63 70
71 85 88
85 60 68
67 73 80
72 68 68
74 76 81
75 60 79
86 85 85
84 79 68
68 75 69
86 77 74
87 67 83
60 68 75
85 89 79
77 60 69
74 61 67
61 64 83
64 62 63
81 73 67
82 76 89
66 85 82
72 77 69
69 66 67
73 76 64
87 85 82
66 72 90
85 77 74
72 63 67
65 62 61
68 60 74
60 66 67
89 86 80
73 78 89
85 87 72
89 89 74
83 61 66
61 89 66
78 63 90
66 68 82
71 87 88
80 86 72
78 87 76
65 70 72
78 74 83
75 78 82
86 80 74
88 72 82
64 62 66
77 71 60
79 81 86
90 71 67
86 83 74
75 85 86
87 76 70
75 76 80
73 74 73
83 72 85
88 88 78
90 70 73
72 85 79
80 90 65
86 83 74
60 86 73
82 80 72
76 69 80
73 75 84
88 80 71
82 87 67
80 68 67
67 85 70
81 63 60
68 67 77
83 62 89
64 89 83
74 64 71
89 61 75
76 72 65
76 77 87
72 86 74
73 71 70
87 75 88
84 65 85
85 90 84
75 82 73
64 89 61
69 78 62
76 73 81
87 84 87
81 72 78
62 80 67
73 78 61
68 61 82
65 64 82
76 84 62
68 85 65
72 85 65
83 63 71
90 70 67
89 73 85
68 67 63
87 68 64
73 64 60
81 62 88
85 82 89
74 80 68
80 87 88
65 62 64
65 68 86
84 61 78
81 67 88
87 82 70
62 81 70
74 71 69
81 65 79
69 77 70
60 69 65
90 60 87
86 90 61
83 85 82
90 68 88
70 60 72
82 83 89
65 79 83
84 74 65
60 86 81
72 72 76
74 77 83
82 67 68
60 78 80
74 60 83
65 63 84
75 88 87
82 60 64
74 75 75
61 89 75
82 73 70
78 71 65
79 68 72
78 66 76
84 86 76
65 77 68
84 83 60
89 87 85
78 75 72
83 67 81
82 90 75
87 61 70
66 81 71
60 73 66
90 83 69
71 66 65
78 70 89
88 80 67
66 65 62
70 64 84
72 62 61
67 81 70
60 67 73
83 66 90
87 81 83
77 70 70
60 77 79
75 69 84
81 85 61
80 80 67
70 61 72
73 77 60
73 88 73
78 75 64
63 89 72
67 78 61
61 70 67
82 62 84
82 62 63
60 90 67
85 66 80
63 89 74
67 69 75
86 85 79
68 84 67
89 63 77
74 87 62
68 83 61
86 84 71
63 64 87
83 79 62
88 71 89
73 75 77
71 67 75
76 75 86
72 69 82
87 61 61
79 88 67
60 77 76
83 68 87
84 87 74
87 86 77
85 78 87
64 87 84
65 71 90
69 70 74
70 60 62
81 83 70
85 68 70
65 70 72
70 64 86
84 79 89
89 61 72
82 66 77
70 89 60
84 84 85
78 86 83
90 81 69
68 78 69
70 82 67
79 64 90
73 90 79
88 70 65
84 88 82
85 86 74
65 70 63
84 76 69
87 61 66
72 90 82
68 71 72
82 84 84
81 81 69
76 63 81
83 60 76
85 86 79
78 78 73
85 64 79
81 72 68
84 64 81
70 65 81
74 84 71
65 81 77
69 72 77
61 64 73
86 72 60
73 76 61
67 74 86
64 81 61
85 67 84
65 81 86
65 69 76
90 66 71
81 87 90
65 81 66
67 68 68
64 64 84
63 69 76
83 65 70
89 82 86
73 81 76
71 70 63
62 73 76
67 83 74
67 86 67
75 78 88
72 81 84
65 86 88
70 64 68
63 69 73
81 79 76
77 76 71
88 71 61
77 80 74
74 89 70
86 60 70
68 67 64
69 61 85
69 63 85
85 80 85
85 63 82
82 88 75
65 88 62
89 80 83
76 81 90
89 86 69
65 79 89
68 66 60
65 87 65
80 65 88
89 85 74
65 87 73
74 80 66
64 85 89
69 76 75
69 88 87
89 74 75
69 67 89
90 71 88
64 83 60
66 60 86
84 65 72
68 72 87
90 73 70
78 72 73
68 67 73
72 73 63
60 63 66
73 73 87
63 71 87
82 65 75
79 82 84
89 80 72
62 61 76
80 61 68
81 76 64
70 80 68
73 71 74
70 62 79
85 71 88
75 77 84
75 78 87
81 66 66
70 81 83
62 74 68
71 64 85
61 76 63
76 71 64
69 84 63
82 61 80
68 84 71
79 75 83
67 82 60
75 62 86
76 80 73
69 76 75
84 85 89
88 63 67
79 71 74
72 84 82
86 75 73
87 68 88
75 79 80
75 81 86
65 79 88
64 74 86
64 75 82
63 66 67
80 65 86
80 89 84
86 63 65
68 70 78
73 81 66
83 73 85
70 75 69
79 81 69
66 71 83
79 88 64
64 87 65
73 62 68
78 67 89
77 67 76
72 66 89
63 78 62
71 75 70
87 82 90
63 81 71
86 67 82
67 86 72
63 86 78
80 83 87
82 72 78
64 81 68
79 71 72
75 82 69
84 74 65
88 65 79
84 79 68
73 76 86
62 82 71
84 79 67
73 67 67
79 86 64
86 77 60
74 88 67
65 61 63
83 76 81
89 78 88
74 73 80
79 75 84
88 62 76
65 73 73
64 60 65
90 64 67
64 71 86
74 80 69
86 62 88
76 61 66
68 88 66
88 88 76
72 68 88
71 89 85
79 71 78
73 75 69
81 63 76
61 86 69
65 81 70
66 61 81
77 71 84
75 65 73
86 64 90
69 74 90
77 72 64
81 89 89
89 69 65
78 72 90
79 84 87
60 77 78
73 66 69
64 79 73
74 67 78
71 85 86
77 78 60
67 84 69
88 79 89
72 87 64
72 77 88
78 76 75
83 83 77
77 83 79
66 86 78
88 79 64
67 81 90
80 63 81
74 61 86
63 83 65
60 64 69
82 73 81
73 88 87
71 81 90
71 73 74
65 75 90
71 65 66
68 84 63
79 90 70
65 68 62
73 84 64
86 81 63
67 72 71
85 79 74
68 79 83
89 88 82
73 67 86
67 89 73
84 85 82
73 68 71
60 85 82
61 79 65
75 67 63
74 74 61
78 72 71
90 60 67
73 60 67
63 72 61
67 77 72
82 79 64
67 68 66
85 67 79
65 78 72
68 68 82
60 85 66
65 61 60
67 80 61
86 69 69
65 63 68
71 76 81
74 85 76
61 79 72
78 82 68
87 83 68
74 87 61
78 84 86
86 64 63
86 84 79
75 84 74
78 89 85
77 77 86
65 84 67
83 72 73
74 86 61
60 65 79
81 74 81
70 81 88
70 62 67
85 85 74
63 74 70
87 74 84
65 65 71
66 81 69
61 80 71
65 76 65
79 65 64
90 84 90
78 79 86
76 64 88
79 88 82
80 60 84
73 77 78
90 66 82
88 74 62
74 65 72
72 61 67
60 85 86
65 67 88
60 80 71
78 72 83
60 63 78
70 75 63
64 66 90
89 67 82
70 71 70
73 79 79
89 63 60
76 73 87
87 64 77
73 62 79
69 71 73
88 87 84
78 79 78
86 61 85
75 64 90
85 81 60
74 69 81
80 83 76
71 78 73
61 78 60
72 82 73
73 72 63
70 86 72
75 68 78
81 85 74
81 87 88
80 60 68
83 76 89
69 88 69
80 70 60
90 86 79
64 67 72
88 74 82
81 61 81
60 81 76
84 88 80
67 81 86
77 74 70
75 70 83
61 62 80
68 66 76
61 87 89
74 84 74
71 68 71
86 85 77
71 75 78
64 75 69
68 63 81
89 68 77
86 62 77
82 82 67
64 61 71
83 81 69
75 74 85
67 77 75
64 82 60
60 80 83
66 79 64
85 72 63
69 71 73
68 62 83
79 73 84
85 60 72
90 69 85
62 72 79
72 77 67
65 61 67
63 65 76
61 77 65
76 87 66
86 82 85
88 64 64
76 66 81
66 74 82
69 63 77
66 67 62
73 75 63
68 78 79
87 76 81
70 62 84
73 88 70
90 66 72
79 74 74
71 72 73
89 83 85
75 78 72
67 89 80
64 67 71
90 67 65
72 87 85
65 79 61
80 64 81
77 64 63
80 77 63
86 89 89
63 65 85
67 69 73
90 85 61
89 83 72
78 65 69
64 66 72
73 73 63
73 85 77
72 79 61
88 78 70
66 89 77
85 73 88
77 87 63
89 78 70
65 84 88
66 81 90
74 76 84
62 77 84
64 82 89
83 77 80
75 85 69
85 87 75
71 87 78
60 68 75
68 82 90
84 71 69
61 71 84
65 85 63
82 90 87
88 71 78
87 88 62
77 73 64
65 69 61
88 77 70
82 61 75
69 87 67
68 62 60
76 64 71
71 84 72
72 90 74
63 85 75
87 67 90
78 77 76
89 74 89
80 73 89
60 87 73
60 90 75
68 85 68
69 64 77
64 89 61
78 84 82
63 83 70
77 75 72
64 67 68
85 74 61
83 73 70
69 70 75
63 86 69
83 87 74
87 87 70
72 73 90
87 77 71
73 62 68
65 60 80
63 79 67
79 61 64
69 88 76
66 78 61
63 77 73
75 64 80
75 64 89
74 72 71
79 81 61
62 89 67
85 75 60
72 63 62
63 85 89
81 87 77
77 70 84
87 86 90
70 87 78
60 69 63
88 72 85
81 88 66
72 90 74
86 89 86
75 71 84
77 89 76
64 85 63
70 86 71
85 61 74
62 87 90
75 66 86
83 75 64
62 75 67
70 70 90
69 67 73
87 65 86
88 90 68
82 64 87
70 80 87
80 63 65
60 86 74
90 66 80
87 67 61
90 75 70
66 86 89
90 64 65
71 70 89
61 76 71
89 83 79
85 64 78
62 89 66
90 84 84
79 82 80
83 81 78
80 87 60
85 65 70
68 80 60
69 82 70
79 67 71
78 87 77
89 63 65
85 66 83
77 75 79
81 89 84
90 63 64
73 64 89
74 60 80
65 75 61
72 83 90
77 70 78
70 64 89
70 62 73
79 81 65
68 84 82
86 78 71
72 89 79
76 88 75
89 72 76
60 72 85
72 61 76
67 73 62
60 68 80
69 60 66
80 60 80
87 85 86
67 62 76
65 77 81
74 72 73
76 70 65
63 85 68
61 78 69
65 75 86
66 73 64
85 85 70
88 75 83
76 80 80
71 88 60
76 70 90
60 74 75
82 74 87
75 70 64
80 72 74
85 64 71
67 74 90
79 80 81
67 89 69
66 83 77
89 74 88
75 79 89
62 84 73
82 77 90
66 90 63
84 79 78
75 72 89
66 90 67
89 87 63
67 62 70
82 68 69
68 84 63
76 66 61
89 65 84
78 72 75
72 71 66
79 84 79
64 69 76
65 74 64
85 81 81
86 65 69
60 65 63
84 74 74
81 76 66
68 85 65
71 90 64
77 68 75
86 67 90
86 80 87
60 85 61
67 64 68
65 78 67
67 62 80
71 70 78
68 61 83
62 68 88
81 83 65
72 85 77
72 69 68
64 62 66
61 81 70
70 86 68
66 71 74
61 61 72
86 78 69
72 90 65
81 75 90
68 73 65
73 83 83
75 89 72
74 86 63
89 77 82
90 78 87
62 75 90
88 70 67
83 78 63
83 86 83
78 83 60
82 66 83
74 82 83
90 63 85
67 63 72
82 90 77
69 64 83
78 64 76
75 60 77
66 86 81
87 80 65
76 67 62
77 68 75
78 65 76
86 78 90
90 62 73
88 70 77
89 89 87
82 79 76
65 68 69
64 61 90
60 72 60
88 66 61
68 83 63
88 76 76
89 68 84
74 90 65
67 75 81
80 75 83
85 72 90
75 74 70
62 69 62
82 84 85
85 63 71
85 73 61
71 74 80
66 68 77
71 68 62
66 85 89
75 76 81
72 74 90
64 83 80
60 74 77
72 87 82
62 68 77
62 88 78
71 80 86
82 64 87
85 86 83
72 88 61
85 62 85
89 84 77
86 78 76
61 83 89
84 61 68
78 83 65
68 63 88
74 90 77
80 74 67
73 64 69
78 75 78
76 72 77
72 76 70
85 81 65
89 84 80
82 72 72
62 65 82
70 85 71
80 87 60
65 87 85
65 67 65
85 78 72
85 75 66
72 86 88
60 64 72
80 75 68
87 90 78
63 85 78
86 62 74
64 88 61
63 78 89
62 67 89
85 74 72
83 65 83
72 61 81
88 87 87
64 73 66
90 85 67
78 80 90
85 85 67
78 90 63
68 87 74
71 77 78
76 76 90
79 84 68
64 90 88
90 63 73
72 85 83
75 78 88
67 86 84
66 65 77
71 75 83
90 87 67
84 65 86
68 65 75
75 73 61
74 85 72
68 87 78
67 61 78
68 62 88
64 78 86
79 79 65
87 76 73
78 86 61
84 74 81
90 84 79
63 75 62
63 61 83
61 81 75
61 78 80
78 60 80
90 79 88
87 83 86
74 79 67
78 75 80
72 70 87
63 62 90
72 87 88
80 73 74
63 75 78
73 82 68
67 84 89
88 76 83
90 90 65
71 65 70
82 62 75
70 73 85
66 61 72
69 60 73
71 82 75
67 70 87
84 70 67
80 79 67
63 71 75
87 79 66
69 61 86
75 63 73
79 87 83
75 82 74
67 80 72
73 60 68
82 73 66
67 62 77
89 90 75
82 78 69
62 70 83
86 72 71
73 73 75
72 73 77
77 84 76
78 83 62
77 63 72
90 86 70
82 70 81
60 61 73
78 67 88
76 66 85
63 72 82
80 84 85
82 72 64
86 87 69
87 67 64
75 70 62
89 65 76
76 66 83
66 81 61
85 86 90
85 63 81
87 69 62
76 86 88
65 68 89
76 61 86
81 75 75
88 74 82
78 86 67
86 61 60
83 85 77
85 65 66
64 84 79
87 80 88
61 90 85
86 90 71
80 77 85
81 69 77
66 87 81
79 72 67
75 67 67
80 78 78
69 72 79
86 84 60
66 88 76
78 77 62
86 81 70
87 78 60
61 87 69
60 60 61
78 75 79
73 83 64
69 88 86
76 81 86
86 79 74
87 61 63
68 72 60
79 84 78
77 83 86
63 81 86
61 90 79
64 78 68
70 84 68
70 74 66
72 66 66
72 82 75
86 62 77
62 73 87
86 64 88
81 74 77
80 74 78
62 87 71
85 86 87
84 89 85
73 80 73
90 81 63
79 61 71
82 60 84
64 68 62
77 62 60
87 63 63
86 88 84
86 60 76
83 86 77
82 84 88
85 86 60
65 70 76
75 60 85
82 69 80
64 82 67
75 60 79
66 63 60
77 73 71
64 81 80
78 81 72
86 65 72
86 86 90
86 75 76
60 69 68
66 88 87
87 84 75
82 73 74
75 87 69
64 79 73
80 87 75
90 68 79
62 85 73
68 64 68
71 80 84
87 65 66
81 63 79
72 64 88
63 82 78
70 62 73
84 73 73
80 73 81
74 68 62
78 70 74
87 90 67
87 75 62
77 77 74
65 68 69
78 90 62
68 60 83
66 70 78
76 90 90
76 87 72
81 75 70
78 85 76
74 85 88
75 73 83
80 73 72
88 68 86
72 69 79
70 86 60
64 73 89
67 86 80
86 83 76
62 66 89
82 68 88
72 72 78
76 86 80
90 84 75
81 81 63
83 84 81
71 88 70
63 73 66
84 79 66
64 75 65
64 72 65
71 83 62
62 77 66
83 84 60
76 71 67
87 66 69
68 71 63
71 85 71
80 70 79
81 67 76
60 70 81
75 83 67
80 87 60
71 62 89
78 80 69
88 89 86
63 89 62
81 78 86
80 60 76
75 75 70
80 76 83
68 71 90
89 64 63
74 71 70
73 74 89
86 60 65
82 80 88
82 68 65
72 71 82
77 76 69
78 89 78
69 83 70
71 87 75
74 90 76
88 86 73
70 74 64
80 80 83
82 65 86
64 62 88
71 60 71
86 68 74
80 68 87
70 76 67
76 61 81
90 60 76
86 88 61
87 80 89
74 66 84
75 66 73
81 76 83
73 83 75
70 88 77
86 71 77
81 71 89
77 87 68
90 66 65
84 90 85
90 75 71
72 65 79
67 74 65
89 86 88
70 66 86
65 81 67
77 62 60
86 77 64
87 73 76
66 87 85
77 67 63
62 84 71
74 60 80
69 82 61
78 86 64
84 62 87
90 85 68
64 62 60
88 62 84
81 60 70
77 84 64
64 78 76
80 82 86
77 86 66
85 85 85
71 78 90
75 77 60
81 76 84
77 70 88
73 67 67
84 77 60
71 67 89
64 64 64
78 77 72
76 79 68
71 86 79
62 79 86
77 76 79
71 63 79
61 72 87
65 89 69
87 85 62
82 87 79
90 88 86
71 71 75
76 71 61
66 64 65
83 77 85
81 73 79
63 83 67
60 75 62
88 89 61
63 69 81
73 71 80
86 80 80
74 84 77
60 61 89
90 85 71
68 80 60
86 60 64
79 83 63
60 85 62
61 73 64
75 84 76
79 80 66
71 82 87
90 74 75
72 83 77
69 86 64
73 84 64
70 65 79
71 79 63
89 71 71
70 74 67
68 81 62
66 82 80
69 66 75
75 74 69
77 69 84
83 75 87
63 84 73
87 78 61
71 71 62
88 78 73
79 77 83
89 79 83
87 75 77
73 78 61
79 85 90
64 63 87
65 86 85
85 80 62
75 81 68
89 74 72
78 67 77
89 81 62
77 60 60
72 72 90
89 81 79
76 78 79
87 79 69
89 74 78
86 63 85
75 80 75
61 63 63
86 68 87
63 62 76
79 71 62
87 74 71
78 68 86
68 78 72
62 73 65
81 84 82
85 60 72
77 76 72
73 78 84
82 60 88
89 71 85
79 62 65
80 70 64
72 83 82
69 67 67
74 76 65
70 90 90
65 90 72
64 88 68
70 89 87
78 70 71
81 79 87
74 60 73
75 77 71
64 63 84
88 60 90
74 71 66
84 82 87
64 71 90
87 63 84
74 67 77
85 75 90
68 85 62
60 72 79
82 65 79
66 79 70
81 79 67
87 61 79
88 73 81
79 83 70
79 61 68
79 65 76
75 81 79
85 85 85
68 86 65
66 65 90
87 64 70
84 88 67
71 83 69
75 67 89
61 64 82
81 75 85
72 67 61
74 60 85
79 62 60
89 90 82
65 78 62
82 75 61
62 85 89
80 66 79
69 74 71
83 68 88
61 60 80
73 89 68
70 71 61
81 80 63
75 64 67
62 71 75
81 85 63
63 66 61
86 89 77
74 69 66
81 60 89
76 60 70
64 85 83
73 62 80
68 88 65
60 69 60
84 84 80
65 65 74
84 60 80
68 60 88
79 62 85
82 83 74
82 83 82
87 61 82
89 85 64
68 87 89
62 82 67
81 79 65
63 60 68
67 70 60
85 81 80
60 69 87
86 89 71
85 86 68
78 67 88
73 61 86
87 71 77
90 74 64
70 84 78
81 61 74
67 70 69
78 70 62
88 65 81
68 60 73
61 76 73
86 82 60
64 62 63
77 88 73
90 81 77
77 73 65
80 83 90
88 81 70
70 69 66
89 60 77
68 89 69
75 86 81
79 77 71
83 86 68
88 90 73
87 75 86
81 87 68
80 77 82
80 88 70
73 66 78
74 73 90
77 63 77
70 62 74
62 80 76
88 68 69
79 66 72
75 78 63
60 81 89
70 83 72
65 68 89
71 70 84
63 65 65
88 85 89
61 89 60
73 79 67
72 68 88
63 71 69
85 69 90
90 61 70
64 82 84
75 65 75
83 72 85
82 79 61
76 90 62
60 86 69
85 72 75
62 69 79
81 68 82
78 82 61
67 70 63
69 82 62
67 81 77
79 64 71
69 77 74
79 81 71
66 66 86
72 66 90
71 83 63
76 77 73
73 78 69
84 77 61
86 73 68
76 65 80
68 60 78
83 72 85
70 79 65
88 72 64
69 73 85
70 71 68
72 64 85
89 90 88
72 78 68
62 74 74
88 90 80
83 88 73
88 76 73
82 88 61
73 82 83
78 77 61
90 78 70
83 78 65
79 90 66
63 75 65
89 84 79
86 90 88
63 78 85
69 73 87
73 73 81
77 87 76
77 75 83
80 76 70
83 81 78
82 69 88
85 73 82
84 61 82
87 81 83
89 88 87
67 85 88
80 69 88
74 77 81
76 70 70
67 76 78
68 90 73
89 83 62
84 90 61
67 75 67
81 73 83
77 72 88
71 71 78
76 79 74
89 87 62
86 67 81
90 67 75
63 77 66
84 73 60
60 71 67
90 87 77
60 60 81
86 86 62
66 80 72
68 87 73
79 84 90
77 83 84
63 78 72
73 85 84
67 80 90
89 87 89
82 70 72
75 63 60
66 82 74
81 68 78
76 81 65
67 61 81
83 62 89
67 83 66
63 81 75
63 77 67
62 72 86
71 89 80
76 86 63
87 78 75
78 62 80
66 70 60
63 75 61
83 78 89
66 78 73
70 68 69
64 85 61
75 88 88
83 71 79
78 64 77
80 64 80
77 66 66
78 80 88
80 62 86
89 70 88
72 61 74
85 67 87
85 78 90
79 68 70
65 83 71
72 89 78
63 75 90
71 88 79
87 60 64
64 74 69
69 63 82
80 66 83
74 60 90
86 88 84
82 79 85
71 76 86
67 88 85
90 74 82
67 72 62
64 75 89
83 61 90
87 74 70
83 70 66
71 68 75
70 89 84
86 87 79
64 65 86
75 81 71
74 69 69
80 72 90
89 67 89
72 66 74
79 65 64
78 65 81
82 74 85
73 67 85
76 86 65
60 71 90
72 85 66
83 76 76
65 80 65
75 78 82
68 84 88
65 90 86
68 61 68
66 85 75
76 68 81
76 77 79
63 73 85
63 89 72
68 82 66
78 68 61
80 71 86
70 77 90
65 61 61
64 64 86
72 60 63
82 75 69
77 87 84
79 72 84
66 70 68
82 73 74
71 89 74
89 83 60
73 84 74
83 73 66
72 63 67
60 64 63
63 71 78
89 76 86
66 70 88
83 66 75
68 76 65
70 63 81
80 76 65
71 62 65
77 84 75
60 76 70
78 63 70
60 62 65
80 66 63
60 80 80
69 73 64
77 77 81
77 64 76
65 61 73
60 72 69
71 66 83
80 71 83
87 62 86
76 60 74
79 90 61
86 60 88
90 60 81
77 88 64
63 69 70
83 74 85
70 77 76
81 79 67
68 70 60
69 79 81
77 74 60
87 61 69
75 90 73
61 65 89
87 86 68
69 88 63
67 90 68
64 64 87
80 76 88
73 75 78
78 71 70
78 64 78
71 79 62
76 79 76
88 66 88
81 82 64
73 75 69
81 62 85
76 62 90
88 73 62
84 63 80
81 79 86
82 70 60
90 66 87
76 64 73
62 80 79
87 60 89
63 70 77
67 66 74
76 83 85
69 77 77
84 74 71
70 82 62
90 84 67
66 73 78
68 68 82
65 77 80
79 64 74
66 82 75
66 67 73
80 76 63
84 90 64
74 67 61
76 85 61
71 77 62
74 76 68
69 81 87
81 73 80
64 68 86
68 65 81
62 74 70
84 74 89
61 66 62
74 89 89
60 70 70
65 67 61
90 85 81
60 85 66
66 81 60
83 62 76
79 68 83
82 83 63
74 67 77
84 63 87
87 61 87
66 88 69
88 79 62
69 78 79
78 67 69
86 75 81
79 86 65
82 74 62
87 81 83
79 73 73
87 78 65
85 74 84
67 65 81
68 64 74
77 87 71
86 82 80
64 86 78
82 63 61
61 77 84
88 61 84
72 60 72
63 61 84
61 72 76
60 76 87
70 60 71
82 63 90
70 71 87
82 83 75
74 80 88
80 79 73
63 72 79
71 75 80
75 78 64
65 63 73
60 89 89
69 61 63
77 69 74
65 66 67
84 64 61
75 85 61
82 66 67
78 63 90
74 64 84
66 64 84
60 77 75
78 62 76
83 80 68
79 76 63
70 84 76
61 71 67
82 90 69
71 85 62
69 73 63
82 79 80
80 78 78
84 88 81
65 61 86
71 80 64
64 77 78
76 69 79
65 79 84
62 77 70
76 88 76
62 74 65
65 70 77
83 65 63
86 62 73
86 73 70
73 61 83
60 61 84
73 85 62
85 75 76
64 89 87
79 70 89
80 86 66
80 67 72
69 82 75
74 72 67
77 80 69
81 74 74
60 86 64
63 87 81
62 60 82
68 74 71
62 69 73
79 90 71
73 71 63
68 64 83
61 69 66
88 86 83
80 78 77
63 76 79
71 60 66
72 70 65
77 79 60
69 88 90
61 84 85
77 82 60
62 64 90
87 71 75
73 65 71
79 62 63
81 62 73
65 84 60
85 72 62
63 72 66
76 70 72
67 61 87
88 87 68
85 81 83
82 86 71
77 66 90
72 64 66
80 87 79
71 87 68
71 74 65
80 80 66
80 66 61
77 62 73
73 76 62
77 78 90
67 74 90
82 76 73
75 85 64
61 88 68
63 82 61
88 70 89
61 71 63
72 68 77
67 90 75
85 73 68
69 85 82
65 70 76
61 89 83
66 89 72
88 71 84
68 80 89
65 77 65
89 61 60
64 62 63
73 71 70
72 72 60
89 88 84
76 83 71
77 77 75
86 85 79
61 85 83
83 89 60
63 61 81
86 74 79
83 90 74
86 79 78
64 61 76
86 89 63
75 78 79
71 62 78
65 71 60
90 89 69
85 66 72
77 65 63
80 83 77
61 71 81
79 81 62
75 82 86
64 73 85
65 66 85
67 75 78
86 70 63
77 82 69
61 72 82
70 86 66
88 88 79
62 75 80
71 83 77
64 73 89
82 69 71
63 67 61
83 73 61
89 83 60
73 85 76
64 82 67
73 85 65
67 69 86
81 63 82
60 79 61
67 86 79
71 70 60
62 74 86
80 62 85
65 85 88
73 61 67
77 71 73
67 84 88
68 70 69
64 60 70
64 62 61
71 61 89
69 80 83
74 69 73
88 79 65
79 83 85
80 66 66
78 62 69
76 80 66
66 90 79
82 67 77
65 88 70
88 62 79
71 87 69
85 70 63
61 67 90
79 63 60
68 82 78
60 76 77
64 69 83
71 67 82
75 62 75
70 87 79
71 85 62
64 89 78
86 73 68
83 67 78
67 86 73
72 83 67
84 86 73
68 87 71
78 75 70
68 84 71
87 66 71
75 61 82
66 82 63
76 77 90
61 75 85
81 64 89
63 82 76
83 72 63
73 67 70
67 60 71
63 60 70
90 74 75
74 77 70
90 73 70
90 80 66
80 66 88
86 78 87
89 82 61
65 76 88
69 76 73
84 62 66
62 90 79
84 67 77
60 70 88
89 89 61
62 68 67
73 64 68
68 60 87
86 81 84
85 85 69
71 90 73
86 66 81
64 76 88
71 81 82
89 67 72
60 88 90
84 80 84
61 65 63
85 90 86
65 68 84
76 79 67
88 71 67
73 74 87
66 82 88
71 75 60
79 89 83
74 88 81
65 63 65
76 83 82
68 90 88
74 67 74
88 76 89
80 82 70
70 73 77
64 60 72
88 90 63
73 61 79
73 64 90
62 81 72
81 86 80
70 67 63
65 64 86
80 65 89
64 84 63
90 78 67
89 75 63
85 75 61
85 77 68
68 77 84
64 86 70
76 79 83
80 80 81
77 74 90
77 67 73
83 74 85
66 86 88
83 74 87
76 79 63
86 83 70
71 82 68
90 76 70
76 80 67
89 73 87
61 79 86
89 66 74
80 69 75
62 60 89
62 87 83
82 70 82
78 62 61
90 82 83
78 65 85
82 65 72
83 89 62
84 76 90
72 61 60
71 64 89
61 63 76
83 81 78
69 86 86
75 81 87
61 76 82
61 69 72
69 63 88
85 81 72
83 87 84
66 67 82
85 72 85
84 76 71
72 82 86
77 88 79
68 68 90
66 67 75
72 61 81
65 84 73
89 85 89
68 66 69
85 65 67
82 73 81
85 84 88
90 71 64
87 90 64
69 68 62
66 72 88
63 66 89
68 89 73
66 89 72
82 79 66
87 88 85
76 81 68
79 67 69
73 85 77
74 63 80
72 83 80
73 64 83
64 89 81
75 89 81
75 88 80
81 75 82
60 76 89
71 65 85
60 70 69
66 81 78
88 79 84
60 61 88
62 88 62
68 78 90
64 73 87
72 72 88
87 63 80
89 71 64
73 86 71
63 67 84
72 84 66
71 68 62
62 66 71
80 66 84
78 63 72
65 61 71
90 73 81
86 78 84
74 87 65
80 70 69
82 66 81
90 87 76
70 90 90
84 80 80
79 70 89
78 68 86
64 73 86
60 74 90
61 77 79
81 82 83
88 90 64
78 71 86
72 68 68
77 70 80
77 84 69
87 64 61
84 60 60
89 90 74
82 77 77
80 69 62
65 65 82
87 69 82
63 64 62
80 69 80
77 81 61
65 90 80
84 70 87
90 80 86
65 63 61
87 60 87
63 74 77
72 78 82
87 88 63
81 61 90
84 61 90
71 82 88
77 84 70
63 84 74
69 77 63
80 83 72
63 69 73
70 73 82
65 70 75
61 75 83
60 63 88
60 70 72
73 83 66
68 77 90
72 88 87
87 82 79
65 78 86
84 70 90
86 71 64
63 75 77
65 60 69
90 65 85
74 87 78
74 84 82
77 81 81
83 61 66
65 73 66
63 78 90
66 69 81
88 70 79
89 79 67
70 65 75
80 68 81
79 80 85
66 60 73
90 71 65
79 73 73
71 70 85
76 61 82
74 80 66
85 73 69
90 71 62
61 62 76
84 83 86
69 75 64
79 76 80
77 62 64
89 79 70
80 77 74
80 84 74
66 78 69
65 72 83
83 67 81
87 72 77
66 82 74
73 73 81
72 73 66
69 70 70
88 60 80
81 89 76
78 76 66
72 69 65
62 69 74
86 85 85
72 82 75
70 89 90
69 86 76
70 77 74
83 69 71
76 78 73
65 68 61
80 73 60
76 75 85
79 67 82
80 64 64
65 74 63
88 89 89
74 80 77
74 60 68
79 83 72
73 66 78
61 81 75
68 85 79
71 80 60
88 88 89
85 69 76
66 71 78
73 81 85
75 72 61
90 74 75
60 86 83
62 66 77
72 82 86
68 88 66
85 70 79
83 87 70
87 68 64
79 62 83
86 83 80
89 78 66
82 68 84
71 77 71
70 81 71
73 83 68
83 86 90
80 89 82
64 63 90
65 78 80
70 64 69
84 67 81
73 87 84
76 73 67
62 61 77
62 83 60
61 74 82
65 73 76
71 70 72
74 62 80
74 76 88
69 76 89
73 78 70
60 89 73
89 72 68
61 61 85
74 89 74
63 72 61
62 83 84
86 67 61
86 72 68
89 70 71
80 77 88
78 77 73
65 66 75
63 64 73
77 89 78
74 74 61
62 80 60
84 65 67
89 65 83
90 75 87
79 86 77
84 62 87
83 66 68
90 77 82
81 82 82
90 85 87
80 75 85
74 64 73
85 61 83
90 87 77
63 62 64
70 64 65
87 80 74
82 85 74
71 85 71
72 90 76
74 84 87
89 61 84
85 65 88
61 71 84
84 86 89
64 88 83
77 85 66
72 67 77
87 68 73
74 86 66
74 62 74
88 79 68
89 63 86
80 67 69
78 73 62
82 67 76
84 63 79
77 67 62
71 81 88
88 90 65
71 75 69
62 72 81
62 80 72
68 82 82
90 68 88
80 89 82
78 66 69
85 81 77
78 73 85
88 89 69
72 66 73
66 80 72
71 79 89
74 85 87
69 79 69
75 80 64
80 90 61
72 61 78
86 89 76
79 85 79
67 76 66
76 81 63
85 69 60
82 69 77
80 74 75
71 78 67
76 64 61
76 88 82
82 85 86
65 70 64
60 67 87
83 82 83
88 64 71
73 76 70
86 85 63
86 77 66
80 80 79
85 71 77
77 80 61
85 85 68
85 74 64
60 64 88
64 73 68
68 84 77
77 68 80
60 89 65
80 88 83
79 63 65
75 72 88
81 65 89
70 77 68
90 88 73
76 74 61
65 85 87
78 77 85
74 80 67
75 90 90
68 64 82
80 63 71
89 64 85
73 80 62
62 67 60
76 64 70
84 79 82
67 80 84
63 73 60
60 75 72
89 72 63
70 63 77
85 79 70
85 87 87
81 77 87
76 81 87
61 89 77
83 79 83
61 85 70
77 63 85
77 89 89
86 83 87
70 88 78
89 88 84
60 77 79
78 84 67
83 89 77
62 61 81
87 64 70
80 81 73
63 90 86
88 64 87
82 62 80
66 83 66
67 73 67
79 90 68
88 61 79
79 73 65
71 67 76
88 87 86
66 85 82
74 74 78
66 76 87
70 89 72
63 90 70
73 77 68
84 73 82
89 65 62
60 72 64
61 68 75
87 73 81
60 71 78
73 86 81
82 79 72
88 82 65
73 87 63
90 65 70
75 62 67
83 80 67
90 88 81
83 80 60
60 61 88
83 60 78
75 60 75
90 88 72
73 89 86
71 78 64
73 74 81
75 68 68
61 74 63
84 68 72
67 81 68
79 69 85
73 79 60
76 73 67
62 83 71
71 67 69
90 68 80
78 65 85
62 89 60
78 69 76
69 70 81
76 70 87
73 77 78
88 60 82
88 80 88
63 72 63
82 60 72
67 61 66
88 62 84
88 89 85
88 85 81
67 62 72
86 70 80
77 89 66
63 77 82
63 75 65
70 86 90
64 87 67
62 60 70
75 66 77
75 74 69
60 60 80
66 88 79
87 69 81
72 81 72
80 66 90
73 64 83
75 72 63
69 68 90
87 79 89
88 85 73
83 67 85
65 85 70
70 79 79
76 80 85
68 62 65
73 79 65
82 63 67
71 88 68
60 90 82
72 71 89
89 83 73
72 71 64
83 85 79
80 71 62
74 86 83
63 89 71
65 82 71
63 83 72
78 82 74
69 65 79
79 66 69
89 65 74
84 84 74
69 67 85
85 88 75
87 63 83
73 62 73
64 73 81
68 77 85
62 89 73
79 69 76
72 74 64
89 63 82
71 66 66
73 61 68
88 74 87
66 80 72
85 85 75
67 78 87
78 72 82
75 78 82
82 75 80
69 69 66
62 62 61
70 68 82
75 64 87
89 72 86
90 89 87
65 73 61
79 74 64
70 85 70
86 77 68
88 77 79
70 85 82
68 66 90
67 88 86
80 82 79
88 66 68
86 89 80
76 64 68
65 85 74
61 89 90
81 74 83
77 81 65
70 69 69
63 88 85
75 74 70
71 84 71
68 88 82
70 76 85
79 88 87
65 69 85
62 71 72
89 64 84
69 88 72
75 64 67
69 76 76
63 87 81
85 84 80
76 65 70
73 68 87
80 69 75
68 73 90
62 86 70
66 62 90
81 76 88
79 78 88
83 76 74
75 68 88
84 67 87
69 75 85
81 80 68
86 84 87
79 71 86
80 80 87
84 65 89
71 75 63
69 74 64
87 82 64
62 81 86
69 79 86
80 63 68
63 83 63
77 60 76
74 86 65
90 64 79
74 89 75
83 81 70
83 70 62
75 66 72
65 75 74
65 64 80
63 84 80
89 76 70
85 66 71
76 67 61
79 72 75
79 86 73
88 73 78
67 71 76
69 78 74
63 81 83
68 60 81
87 80 66
74 77 67
83 60 87
60 61 80
82 65 61
70 79 85
85 76 78
71 77 70
89 72 65
79 84 66
66 60 71
64 78 60
78 80 70
79 88 63
69 64 68
74 78 66
78 68 83
77 68 73
62 70 68
81 73 75
77 73 61
62 90 69
65 61 73
83 81 73
83 85 74
86 69 60
83 72 77
78 89 65
80 81 73
72 70 69
87 77 65
90 82 67
69 82 89
75 60 84
64 63 85
81 66 70
66 76 78
89 82 81
71 73 83
76 89 67
69 86 67
87 83 62
66 88 72
73 64 89
79 82 76
61 89 74
86 66 87
80 70 66
81 67 83
79 78 72
70 63 60
89 81 79
64 62 77
68 65 89
68 79 83
88 86 60
84 60 83
67 69 88
63 89 73
62 61 84
78 64 90
67 90 66
85 61 90
66 63 65
73 62 82
90 66 84
88 65 84
83 90 77
73 63 88
80 88 69
65 74 68
82 73 79
64 78 68
60 83 79
84 67 82
64 90 90
77 75 84
90 85 74
83 68 85
69 88 67
70 86 78
60 79 72
80 67 69
60 68 76
61 78 85
89 61 72
63 90 72
70 63 71
60 79 84
90 88 72
73 68 74
62 77 75
69 89 62
65 89 83
64 69 81
68 76 64
62 84 85
86 75 78
80 71 60
61 75 85
76 89 80
82 65 68
64 82 64
82 84 80
82 85 82
85 68 88
76 60 65
70 79 70
86 85 83
85 69 79
78 81 90
68 90 79
72 71 61
71 80 74
72 62 77
82 79 83
72 84 67
83 83 87
65 77 63
60 85 87
62 60 90
75 65 66
81 78 62
81 86 64
88 79 84
80 84 66
67 77 67
60 80 75
67 76 86
62 69 61
78 84 69
85 72 69
70 68 62
72 80 78
78 79 69
71 80 65
77 79 76
74 90 67
89 67 73
73 83 79
81 89 87
80 63 74
81 64 70
81 76 67
81 70 67
85 80 81
89 90 80
80 73 79
78 89 70
77 81 82
75 68 89
68 69 64
88 82 74
61 79 67
85 86 88
77 65 88
80 65 82
70 77 78
70 66 75
63 79 72
83 61 69
64 72 81
71 65 78
78 78 88
70 72 77
73 68 67
61 78 69
71 80 76
84 90 76
72 85 84
77 88 62
67 65 68
66 82 60
69 65 73
62 79 61
77 72 62
67 66 76
68 88 62
61 89 80
69 68 87
81 63 63
63 90 69
60 76 88
77 62 61
72 62 65
88 69 88
69 78 74
68 76 77
79 64 68
82 83 68
79 64 79
64 63 73
83 61 74
68 73 72
75 82 68
63 86 66
74 88 88
74 72 90
62 79 67
73 71 84
89 90 69
69 63 66
87 79 87
65 60 69
76 88 79
90 72 63
69 61 84
83 60 60
67 83 63
83 64 74
72 60 84
85 65 88
65 72 78
64 63 69
72 85 77
77 65 67
63 71 82
64 80 71
75 79 73
67 76 87
64 88 60
81 73 84
77 71 79
68 77 86
89 84 60
86 78 67
78 68 78
90 84 90
63 61 87
77 61 72
64 73 80
73 68 76
79 72 87
80 73 62
88 70 76
84 73 88
81 72 80
89 62 90
64 78 60
77 70 84
82 77 80
75 77 90
76 88 70
77 84 73
90 70 87
60 78 63
83 72 60
65 89 72
78 80 78
69 88 88
87 83 65
88 90 70
61 89 89
65 82 87
88 89 70
89 76 61
87 72 84
82 87 90
80 60 79
78 78 71
74 77 60
75 81 86
80 87 63
75 70 84
60 81 75
80 60 60
83 60 88
78 79 79
90 78 67
71 84 77
76 66 64
70 62 61
77 82 73
61 87 73
89 62 69
67 68 73
77 64 86
81 81 90
71 90 74
65 67 79
82 90 72
65 64 71
69 81 61
64 70 86
85 85 62
62 83 78
81 75 71
79 65 69
78 79 81
60 76 67
87 64 88
90 79 67
86 73 77
72 68 86
63 64 88
74 65 66
60 72 68
78 76 61
60 70 69
82 83 63
75 60 90
60 79 65
88 76 68
85 89 84
76 81 76
83 78 78
85 64 61
75 78 76
68 77 65
73 62 66
89 61 62
87 68 90
67 63 88
74 82 89
90 84 63
71 60 75
86 70 65
68 89 68
86 78 85
79 69 72
84 61 73
63 62 82
71 86 63
82 81 64
61 64 73
81 78 69
79 64 87
73 76 84
72 86 85
73 78 78
63 78 76
84 80 73
77 74 72
65 76 72
77 77 88
87 89 76
85 74 68
89 77 77
88 86 77
69 85 67
62 66 80
83 75 81
89 77 85
70 71 81
87 79 90
86 78 76
81 66 66
60 76 61
87 64 90
66 74 83
61 74 88
79 78 89
78 61 80
69 85 66
80 88 71
78 90 70
72 76 77
64 63 76
70 69 87
65 83 60
74 82 80
65 65 90
87 69 72
90 71 69
84 67 90
63 86 83
74 81 85
68 60 63
80 70 82
73 67 66
82 81 76
68 62 72
88 83 87
82 65 68
65 82 85
60 79 70
73 90 85
73 60 77
66 65 89
61 60 81
71 77 61
78 87 82
85 62 74
72 67 73
89 77 64
63 78 70
77 74 85
72 77 70
72 61 82
82 89 71
65 82 90
66 60 85
74 78 84
64 65 75
75 65 66
78 88 70
63 65 61
81 61 60
87 86 90
61 80 76
82 80 65
77 60 87
74 74 82
87 85 61
80 71 81
68 73 61
72 70 80
67 83 85
80 86 71
72 73 65
66 67 75
78 74 71
80 69 64
81 79 88
78 66 79
75 79 86
68 60 78
87 88 76
66 74 75
79 78 88
75 62 72
64 67 88
65 80 80
66 82 78
76 62 66
74 88 62
70 88 75
75 62 79
71 88 61
84 68 87
80 70 79
88 86 80
61 66 64
71 79 80
90 70 63
63 90 84
88 87 72
80 75 78
85 78 77
66 81 72
90 86 62
75 83 85
80 69 61
80 60 83
63 90 60
60 82 90
87 60 69
61 79 81
67 87 84
86 60 83
72 81 90
79 68 69
62 89 76
70 82 85
67 64 73
87 88 68
68 84 73
72 90 69
61 78 78
67 78 88
62 73 87
89 77 86
88 60 90
75 79 87
81 63 67
63 66 88
60 68 67
69 75 85
69 86 83
73 77 78
61 81 79
66 76 76
82 65 70
66 70 86
69 78 64
88 73 90
70 76 74
82 71 90
74 89 68
84 81 83
85 72 66
74 76 79
66 65 83
66 87 82
63 74 62
88 77 86
70 65 62
87 74 74
75 62 62
69 83 78
75 80 70
63 62 89
89 81 90
83 72 88
61 86 77
84 82 73
87 88 77
65 75 70
90 70 72
71 85 82
74 90 79
65 68 65
75 68 60
79 79 81
84 65 66
83 87 89
89 79 78
84 60 84
62 64 81
79 79 85
61 68 90
88 71 86
78 90 68
87 77 90
85 75 90
70 67 69
72 60 78
88 68 77
90 65 71
75 64 75
85 89 71
88 71 71
79 76 83
63 87 80
74 67 63
86 82 66
86 74 60
76 82 79
88 66 63
85 62 86
64 73 90
70 87 90
76 73 70
76 89 65
90 72 70
69 77 71
77 88 79
73 81 82
87 87 73
61 72 82
80 74 70
83 90 82
89 85 66
66 86 62
73 68 87
78 85 74
64 68 78
73 74 82
70 67 77
67 88 63
75 65 71
81 85 70
90 73 90
77 64 60
75 68 75
90 77 60
67 75 82
77 61 81
85 81 72
64 79 79
71 74 66
68 86 75
73 78 69
84 65 88
65 68 70
66 75 63
75 88 86
74 85 87
68 63 71
71 81 69
81 63 76
60 70 75
60 77 61
79 73 74
87 84 78
71 62 82
67 65 70
80 71 81
76 88 60
61 62 61
67 76 77
66 65 69
80 88 76
81 76 74
60 65 67
78 85 77
77 62 65
62 83 69
67 64 70
79 87 76
61 65 77
61 76 72
83 62 86
75 61 67
61 71 83
74 79 70
81 70 88
60 68 72
71 64 74
74 64 63
63 77 71
86 80 60
90 76 69
79 81 63
76 79 60
71 70 74
90 65 70
61 84 90
63 75 65
86 69 88
79 70 72
76 67 77
65 68 82
80 85 70
83 85 77
82 62 90
65 75 88
81 60 88
85 80 75
65 79 87
61 61 68
67 72 75
77 65 67
60 90 83
60 76 70
88 68 69
60 62 73
76 60 78
89 63 63
73 74 73
90 78 84
70 87 63
79 81 71
74 83 80
90 66 64
65 88 70
78 78 82
90 67 66
71 67 63
69 61 89
69 60 67
73 89 79
81 60 61
76 62 60
64 67 76
83 71 68
60 82 75
67 60 80
70 76 60
62 60 79
60 76 66
87 86 72
85 80 85
85 71 80
84 78 68
80 61 75
82 83 83
87 69 60
74 88 63
78 90 65
84 75 63
77 78 83
79 82 61
71 64 66
74 85 81
74 84 62
89 64 89
74 89 62
83 76 64
69 79 86
73 61 70
62 89 85
77 84 62
72 60 71
77 85 81
90 88 76
77 78 74
86 67 60
76 62 90
68 61 88
78 86 67
63 78 61
85 84 88
64 75 88
84 71 89
63 87 63
81 66 64
66 80 76
65 82 79
67 85 73
69 62 89
69 69 86
60 74 79
63 90 62
70 65 70
60 69 81
87 73 71
74 81 77
69 86 79
66 80 66
86 77 76
80 76 80
85 66 90
63 68 89
89 69 72
88 65 73
79 79 67
67 84 70
63 60 63
84 87 75
86 68 72
61 71 89
89 72 66
60 71 61
64 88 88
89 63 85
87 69 67
75 80 87
87 90 69
71 88 85
82 63 66
63 64 83
75 60 78
72 61 68
72 87 64
69 64 78
72 88 82
68 79 72
86 88 90
82 74 68
76 74 67
62 88 81
63 78 62
86 77 80
73 78 74
67 63 86
63 70 78
70 86 65
71 79 60
77 73 71
82 62 63
89 74 84
71 84 60
78 63 79
89 84 82
80 68 84
78 85 88
65 62 72
66 85 90
77 73 87
61 68 87
73 87 62
89 87 86
84 62 64
63 73 80
63 77 86
80 82 84
90 74 85
79 83 80
75 90 82
90 64 67
81 81 85
83 68 83
66 77 68
81 81 90
60 68 71
89 90 80
75 85 76
84 71 79
64 63 65
65 83 79
64 64 69
62 86 71
66 73 79
63 64 71
75 69 65
79 74 61
83 79 71
87 79 77
70 79 86
72 85 62
60 79 81
73 82 75
85 89 63
73 85 80
62 88 89
60 77 85
86 65 90
64 75 90
60 80 84
64 62 60
79 84 89
74 81 89
85 62 63
88 74 69
81 85 66
69 73 80
80 87 84
75 65 68
73 72 61
62 66 71
69 62 72
61 82 72
90 61 71
61 75 78
61 76 74
64 68 61
68 71 71
75 80 75
70 72 80
73 61 80
66 65 88
78 69 82
68 87 90
64 81 85
83 75 89
73 71 83
78 71 88
75 70 90
82 81 68
85 79 69
60 75 69
77 79 71
61 87 71
60 81 76
66 69 71
78 63 86
66 88 76
80 77 71
77 72 75
90 63 84
72 80 60
84 70 63
69 80 66
66 76 78
88 60 77
65 77 60
83 90 87
65 84 77
86 82 63
84 81 69
82 65 71
74 68 62
74 77 85
86 89 78
71 74 61
70 72 60
77 77 87
62 84 80
77 90 76
75 77 62
77 77 85
81 82 81
71 62 69
60 63 71
86 66 82
65 70 80
86 89 90
63 80 73
70 65 84
78 71 76
70 82 78
79 71 82
61 60 78
65 79 87
88 74 62
85 71 90
61 85 88
74 72 78
79 79 61
78 65 82
82 82 80
61 84 73
72 67 77
74 63 80
79 71 70
65 88 71
73 67 63
85 86 66
81 70 60
70 86 67
65 81 88
63 77 73
86 85 88
85 63 64
86 77 74
62 63 84
70 80 62
69 82 65
85 62 67
63 77 70
68 71 63
65 76 64
74 80 84
82 71 86
73 69 69
77 79 80
81 62 63
77 77 82
78 89 80
74 65 76
78 70 87
64 74 90
69 61 83
74 86 61
88 64 72
75 61 73
77 79 64
86 82 61
79 82 84
80 76 80
71 70 73
67 69 61
85 70 78
62 71 63
75 67 65
60 84 77
89 90 66
90 74 88
62 71 85
61 73 73
88 64 71
72 67 76
78 76 73
70 62 60
70 84 64
82 69 80
63 66 78
61 83 90
87 78 62
77 74 74
69 64 90
79 71 85
60 85 67
87 72 80
63 66 75
76 70 69
67 66 62
62 73 78
70 77 85
63 63 73
90 70 86
60 67 77
71 78 62
62 74 89
76 83 65
88 63 69
90 81 83
74 82 71
64 62 86
60 62 61
79 67 70
67 81 63
68 70 68
71 75 85
71 75 85
68 89 79
83 80 77
80 84 90
87 74 67
68 66 83
64 69 89
60 81 89
85 76 62
81 76 68
76 80 89
68 72 62
60 84 63
78 87 63
88 77 78
69 83 78
61 82 70
81 79 78
73 82 83
72 66 86
81 72 78
89 81 69
87 77 61
60 87 71
79 60 61
68 88 90
73 64 85
76 79 64
64 70 70
85 63 85
68 72 74
75 77 84
62 82 70
82 85 75
61 83 78
72 88 87
82 88 73
82 66 85
90 87 73
81 83 77
66 81 79
75 76 67
62 90 86
77 82 67
85 73 86
87 79 78
87 61 66
85 86 64
88 68 61
80 62 73
75 71 88
81 90 70
65 84 74
75 82 64
70 72 74
73 90 74
67 90 83
70 79 68
69 79 79
81 81 80
60 90 71
81 90 71
64 70 79
70 64 78
81 84 86
81 75 68
81 82 87
60 81 85
79 90 76
75 81 68
74 79 73
86 72 75
88 72 67
71 83 79
68 68 86
77 73 64
68 77 67
81 83 84
66 78 72
71 79 66
75 74 70
71 85 73
76 83 71
65 61 82
86 84 73
64 68 81
65 83 80
78 70 86
87 74 87
67 64 82
84 75 77
85 85 79
77 61 69
66 67 65
75 61 60
83 70 79
90 61 90
76 70 71
69 88 60
77 82 61
69 89 67
78 77 65
79 84 78
73 78 61
60 85 73
68 82 63
65 82 74
73 80 90
61 60 78
83 89 70
67 80 60
74 78 71
61 86 85
85 88 85
65 71 76
69 72 84
64 79 71
85 85 60
84 66 75
83 69 80
68 63 89
76 68 88
60 60 60
88 88 64
68 72 65
71 65 85
63 89 82
89 69 82
87 61 64
80 89 60
69 76 76
84 82 85
72 90 69
78 89 85
60 65 82
82 65 72
90 81 80
69 72 60
82 90 84
80 65 79
77 63 70
64 62 85
89 81 63
62 65 67
88 84 75
73 86 60
87 79 69
65 81 84
90 71 61
64 83 90
67 79 72
65 85 78
66 64 90
82 87 60
66 65 82
84 64 63
72 64 64
67 68 63
77 89 88
90 81 81
88 90 89
83 83 76
89 78 83
88 74 77
62 64 90
85 82 87
79 65 82
88 70 87
69 88 62
84 69 63
84 84 60
74 69 75
65 81 76
64 64 75
82 80 76
66 75 81
76 78 90
79 85 68
84 74 61
90 90 72
76 72 90
70 81 90
63 72 90
88 72 87
75 83 67
67 75 82
80 61 60
74 71 79
85 68 78
88 81 68
87 77 78
75 90 72
89 81 77
84 87 66
60 72 61
79 61 66
61 63 78
80 80 68
89 84 70
90 63 69
72 66 65
69 88 64
81 83 74
75 68 90
63 70 65
72 67 60
68 67 70
74 85 78
78 74 67
88 71 78
74 86 89
78 60 80
67 84 73
63 83 82
64 75 87
70 79 60
64 76 76
66 83 80
85 78 66
74 80 60
72 87 78
90 68 70
83 70 78
75 68 82
68 74 84
84 81 60
85 88 76
89 71 75
70 61 63
87 66 72
84 73 82
89 67 69
80 68 69
65 71 87
60 89 73
86 69 82
68 88 80
64 63 68
68 81 61
85 75 85
90 66 64
75 80 86
81 90 74
88 73 76
76 81 62
87 65 70
72 79 81
65 75 65
62 62 65
90 67 74
77 79 81
64 61 75
70 74 73
84 90 83
63 75 73
72 75 87
78 87 73
67 71 75
77 68 64
64 87 81
77 72 67
82 88 79
68 75 74
85 76 84
83 68 75
76 64 70
88 89 61
85 68 87
69 80 87
67 69 60
63 72 65
68 79 66
77 65 61
82 76 86
89 64 77
60 90 66
65 81 65
80 83 84
60 87 72
89 73 86
86 84 72
63 84 84
79 64 74
76 85 81
66 69 84
62 80 66
86 84 83
82 84 90
90 82 81
73 80 82
70 90 64
76 63 71
63 82 68
77 88 69
86 77 77
78 78 65
85 78 83
62 79 78
69 75 61
61 81 83
73 85 88
72 78 75
69 61 81
90 80 90
87 74 74
67 67 70
78 90 90
78 71 78
68 84 77
67 82 68
90 85 84
79 76 84
78 67 82
88 70 80
69 63 71
61 67 61
84 78 70
83 82 90
72 85 89
81 67 73
76 78 90
81 78 68
69 76 63
90 63 69
