-5,562037 4,346776
7,342882 -5,564415
7,268842 -5,276870
7,719038 -4,362909
7,501700 -5,437880
-7,075830 5,615665
6,736267 -4,941465
-6,978779 5,531936
-6,962547 5,192157
-6,518942 4,558206
6,825095 -5,659298
-6,386295 4,774450
7,051357 -5,206063
-7,178586 4,751161
6,983431 -4,802890
7,564002 -5,349401
6,437405 -4,286926
7,015440 -4,061689
7,290423 -5,227337
7,172239 -5,822178
-6,751464 4,624643
6,629418 -4,022800
-6,874433 4,950251
8,079930 -5,754537
6,778181 -4,189336
7,829804 -4,522039
-6,366364 5,045666
7,361995 -4,346554
-6,889237 4,806364
8,826042 -4,333063
-5,690628 4,924534
-6,176289 4,909665
-5,435150 5,174378
-5,954050 5,589674
7,594982 -4,301577
-7,015846 5,737268
-6,443524 5,781283
7,152738 -5,072633
-6,577607 4,988924
-6,263967 3,848998
-6,570265 5,957078
7,611800 -4,469494
-6,841800 5,125803
-7,218078 5,861480
-6,120912 5,176193
6,842571 -4,704235
-6,970905 3,979764
7,689175 -4,918007
7,502528 -5,096711
-5,532685 4,532601
7,584742 -5,529630
-6,876646 5,643153
-7,569670 4,858619
7,327425 -5,338110
7,544638 -5,307948
-7,338754 5,203728
-5,733448 4,706553
6,956450 -4,204350
-6,501880 5,086304
8,262057 -3,966952
7,467079 -4,229635
-6,277395 4,434156
-5,985032 4,637026
7,277727 -5,133499
8,071591 -3,940109
6,765122 -4,322537
-7,546236 5,983058
7,392189 -3,834321
-5,693032 5,570118
-7,322613 5,682687
-5,718334 5,954888
7,379186 -5,439675
6,512372 -5,224257
-6,206081 4,606438
7,694021 -4,653172
-5,650294 4,242391
-6,411883 5,243767
-6,192072 3,742517
8,781735 -3,695344
-7,352312 5,019802
6,720574 -4,960027
-5,362446 4,966896
6,641516 -4,204107
-6,063414 4,490405
7,692382 -3,978347
8,066136 -4,424113
7,478755 -5,036445
-6,045544 5,705476
8,000188 -4,756510
6,377560 -4,931611
-6,399147 5,399108
7,701066 -5,001365
7,497341 -3,901343
7,742126 -4,473669
-7,670468 6,025988
7,627967 -5,011435
-6,727808 4,688847
7,480826 -5,828810
-5,893453 4,412663
7,068406 -4,938087
7,875984 -4,301311
-6,021337 5,100726
-5,703032 5,725256
-6,557618 5,046590
7,176113 -4,441801
-5,609019 4,847045
7,228762 -5,345085
6,976943 -5,053009
-6,699339 5,471854
-6,160301 5,659500
-6,462601 4,455019
7,794636 -5,178128
7,615195 -4,123540
6,195051 -4,819091
-6,547085 6,105007
7,711664 -4,466680
-7,873980 5,259607
6,884428 -4,047966
-6,050422 4,126246
7,502635 -4,304010
-6,313543 6,227521
6,264498 -5,000278
