5,731102 -3,093130
4,924967 -3,077419
1,226300 7,865928
4,781796 -1,984655
6,056030 -2,571157
-2,366088 2,461408
1,584839 9,414439
-1,374497 1,316549
0,482989 8,353666
-1,607542 2,426963
0,012653 8,314607
-1,837461 3,157875
1,647131 7,764062
6,611672 -1,888602
5,720543 -2,588015
-2,351155 3,531967
-1,269922 2,858760
0,146016 9,578503
0,970790 9,599555
0,400853 8,914244
-1,407270 2,021335
6,594033 -3,348936
0,122422 7,706126
-1,887141 2,344230
5,601173 -1,311347
-1,446998 1,658963
-1,962327 3,586984
-1,383158 2,518677
-1,575216 3,108143
0,870534 8,702783
5,567601 -2,788385
1,177379 9,598151
-1,468793 2,609173
5,968236 -1,273757
5,482532 -2,487602
6,018462 -3,200995
-2,273892 2,071669
1,286134 8,297796
2,031592 7,991166
1,053639 8,946259
-0,192145 8,534711
5,320860 -2,344433
-1,125081 3,481060
-2,823216 2,389560
1,048620 8,228469
1,843192 8,370161
-2,146536 1,930898
6,871714 -2,540152
-1,435551 1,880240
5,830056 -2,677352
4,564035 -2,585247
0,909133 7,935441
0,399446 9,271941
-2,062444 2,350709
5,802663 -3,217487
1,929249 8,676147
-1,806060 1,784226
6,257618 -2,415428
-1,315355 1,471103
-1,427371 2,610003
6,628696 -2,004210
6,453087 -2,361143
5,697634 -1,468634
-2,057539 3,299589
-1,351012 2,113580
1,499588 8,559712
-0,718696 1,654743
5,387955 -3,067782
4,663742 -1,591313
0,231900 8,975270
5,305232 -1,935237
1,107125 7,709412
4,946908 -2,876095
5,055407 -1,007146
5,859954 -1,774963
1,648467 9,116576
5,976570 -1,663894
-0,255148 9,107599
1,978626 7,969257
0,128645 8,496970
0,819493 7,553857
1,139369 8,210187
5,592331 -2,031080
-1,313951 1,999040
-0,040454 8,463933
0,905358 9,568194
0,481074 8,084517
-1,452221 2,345510
0,589709 8,201498
-1,773082 2,304689
1,064865 7,501936
1,995598 9,924290
-2,083060 1,975491
1,387860 8,307251
-1,608264 1,634086
-2,566397 2,081816
5,219617 -1,757840
-1,394267 3,665663
-0,346638 7,644718
1,474920 8,418491
1,206623 8,418642
-1,539670 3,095760
5,704632 -3,043294
5,749847 -1,967856
0,765157 8,531385
0,926023 7,578441
0,021549 9,176768
0,800413 8,946998
-0,064584 8,805026
0,715658 8,837333
1,066640 8,254877
0,690732 8,494080
-2,284670 3,488199
0,056962 8,098073
-2,124482 2,540835
5,803196 -2,926826
1,385336 8,415740
-1,350294 2,423979
-1,079222 2,158594
6,537361 -2,517756
5,910906 -3,125609
-1,667693 1,875709
1,798586 8,260838
0,787869 8,405562
0,971845 8,733890
5,799288 -1,374414
0,691687 9,044029
0,683992 9,360507
-1,391621 2,632050
-0,097762 9,814951
-0,186692 8,699365
1,982216 7,878772
-1,722564 2,858661
-0,621995 3,550068
5,609125 -1,622554
-1,602152 3,584164
6,373646 -2,388443
-1,416300 1,941652
-2,882959 1,750422
2,093249 9,478402
-1,132193 2,860962
-1,794737 2,018520
6,159276 -3,118504
6,640096 -2,166212
0,000609 8,885289
5,516052 -2,700424
0,717097 8,498322
5,956942 -2,372488
6,271956 -1,406041
6,102940 -2,872341
5,318534 -3,220786
-1,668903 2,876003
-0,123136 8,540871
1,449435 7,919059
4,457274 -2,224992
5,104201 -1,735661
1,214123 8,848679
0,264557 7,866764
-2,299047 1,809819
5,148487 -2,220314
7,315339 -1,899559
-1,443970 3,491130
-1,870189 1,981146
-2,012692 2,537547
-0,364066 9,017402
0,384747 9,203714
-2,577370 3,202330
5,047731 -1,772997
5,906145 -2,501882
0,791557 9,510732
-1,405188 2,280420
5,536372 -3,530359
1,844123 8,940761
-2,395876 1,656847
-1,895478 2,126209
5,834722 -2,754755
0,491720 9,361800
5,728882 -2,909379
-1,289059 3,445655
5,890706 -1,170285
5,114726 -2,258229
1,520926 8,696036
1,263900 8,806337
5,933797 -2,350580
0,521660 8,105965
-0,538198 8,119403
5,991544 -1,609709
-1,489540 1,789813
0,073781 8,964184
0,565882 8,242551
1,882438 8,090952
-1,444291 3,695548
0,589154 8,515797
1,881820 8,665133
1,174662 7,892843
-1,781664 2,751504
0,134631 8,006847
-1,974502 2,418606
-2,670891 1,779073
-1,217911 2,503143
5,987789 -2,129932
5,923217 -2,636938
0,377205 8,818644
0,792095 8,357899
2,097177 8,270187
5,705793 -1,874957
-2,818772 2,371547
6,021627 -2,430769
-1,712570 2,462825
-2,349123 3,174003
1,049648 7,849767
5,517226 -2,666579
-2,640781 3,069304
-2,766947 1,368870
0,452641 8,576503
-0,804053 1,774272
5,529727 -1,819551
-1,651464 1,905184
4,444244 -2,774083
0,833559 7,923801
0,769949 8,198317
6,245249 -3,527016
6,046628 -3,020085
5,850560 -2,793275
1,848623 7,833124
-2,126847 2,619605
1,022858 8,451462
0,938176 9,522635
0,518545 7,684861
0,953878 8,324669
1,234792 7,734282
5,256621 -3,027656
6,427356 -2,832730
0,841907 8,879498
-0,505273 3,255217
-2,459605 3,792817
-1,493514 1,192428
-0,737126 2,664720
-2,381873 3,009452
1,320938 9,440019
1,429040 8,239990
-2,148404 3,489719
-1,397845 3,975909
-1,800917 2,276812
6,400887 -3,294589
5,679452 -1,903285
5,379262 -1,789341
-0,979729 2,680387
0,064043 9,271669
0,412696 8,840998
5,963166 -1,939506
1,536498 9,727576
5,574068 -2,077766
6,566374 -2,110988
5,112268 -2,200389
-1,182593 2,492075
5,169290 -2,919384
0,832303 9,272452
0,960780 8,391908
-1,924310 2,734580
5,566696 -1,735527
1,061076 7,550613
0,090015 8,566386
5,228704 -3,642673
-1,680603 1,734945
-0,264860 9,142004
-1,337227 2,072624
5,631333 -3,252513
0,713362 9,651948
0,269521 8,279203
-1,544304 1,446537
-1,216755 2,337997
0,549978 8,930544
-0,057028 7,917673
5,814031 -2,054816
0,519308 8,476448
-0,811137 2,045208
5,239948 -2,946191
0,033353 9,078291
0,700115 8,503119
6,043058 -2,351239
0,756871 8,369717
1,358737 9,160453
-2,005749 2,900356
6,184740 -1,553359
4,985864 -3,047090
1,413079 7,509703
4,737625 -1,490717
1,001820 9,127273
-1,060669 2,826358
0,507486 8,316984
-1,646154 2,363539
5,249659 -1,816078
4,666747 -1,120813
5,724481 -2,124807
6,197296 -2,495120
5,338029 -1,618416
5,230405 -2,193953
0,617692 7,461738
-1,263722 3,155577
-1,408866 3,164606
-0,789727 3,246977
5,979640 -1,958608
-1,863569 3,608287
6,067510 -2,078975
-2,603101 2,164059
0,596004 8,809468
-1,648594 3,114780
1,825929 9,246738
5,617331 -2,487898
0,202673 8,936689
7,008201 -3,024334
5,758199 -1,448450
5,834792 -1,566688
5,326973 -2,127451
1,243252 7,856606
0,154244 7,512681
0,133149 7,461314
0,558489 8,984152
0,670654 7,903151
-1,085509 3,192853
-0,361400 8,032632
0,629751 7,400100
-2,121974 2,233864
1,172404 7,754804
-1,375899 3,317824
-1,804583 1,635585
6,110646 -2,729278
-1,822593 2,944350
-2,057011 3,768341
1,746660 9,699631
5,057231 -1,707520
-1,904235 2,907367
4,779049 -2,399631
0,554564 8,794831
-0,293356 9,557073
0,771371 9,234332
-1,758889 2,387359
-2,410373 2,588045
-3,023460 1,708630
5,054439 -2,222819
-1,895850 3,016432
-1,215530 3,350487
0,482715 8,370555
0,865971 7,805026
-2,567511 2,423864
-2,010019 2,360522
-1,962264 1,693871
4,907741 -2,219784
1,238715 8,853187
7,006333 -1,945370
0,457897 9,022505
5,457693 -1,722257
0,759371 9,589497
-1,972092 2,282614
1,559005 9,473640
5,378542 -1,940704
-0,069874 8,439731
-1,372029 2,391051
-1,849123 3,034001
0,403376 8,673844
5,830488 -0,915046
-1,720762 2,264929
6,324035 -2,266088
6,547680 -2,500763
5,895175 -2,238000
1,173176 7,336930
-1,648244 1,891038
-1,406210 2,320505
5,766548 -2,577047
-2,548708 3,101246
-0,552902 2,118503
6,006299 -3,214765
0,876472 8,363993
-0,789968 2,342241
1,138196 8,547978
-2,875169 3,340510
6,140540 -0,959463
-1,675680 2,074276
-1,567944 2,840769
0,715764 7,604482
6,491736 -1,127981
5,776778 -1,773831
0,184599 8,077642
-2,023237 2,594247
0,545919 8,500938
-1,396681 1,240777
-0,708858 3,443255
5,675107 -2,834854
5,581782 -1,699515
-1,664100 2,662692
-1,331445 1,264234
5,588240 -1,237665
1,120920 9,313968
5,725225 -2,268976
1,499168 8,939229
-1,036491 2,990129
-2,265772 2,266066
5,981090 -2,318899
-1,603880 1,745616
-0,253658 8,230917
-1,495480 2,478008
1,651130 9,109555
-2,486678 1,416651
0,901570 8,586656
-0,990511 3,711082
-1,768353 1,667767
6,349600 -3,227349
0,132458 8,752813
0,233453 8,418044
-1,758206 3,469940
-0,449196 7,971417
6,272597 -3,384676
-2,192076 3,010384
-1,517882 2,121434
-1,662285 2,543433
0,663271 8,044048
-2,937960 3,143060
6,135429 -2,358424
5,603021 -1,304755
6,047626 -2,624089
0,441700 8,682747
-1,004766 3,305927
-1,945264 3,400485
0,361419 8,955020
-2,042975 1,393330
6,009105 -1,462208
4,940069 -2,144424
-1,390354 1,846091
6,661150 -1,887648
1,503617 7,562622
5,814554 -1,853140
5,538326 -1,870128
1,173325 7,787674
0,787297 8,603120
0,611519 8,597966
-1,326641 2,603744
6,872447 -2,715836
1,164502 9,062953
5,944301 -1,702065
1,631124 8,634896
4,778809 -3,078605
-0,310225 9,335922
1,108843 8,936648
0,004916 8,097926
1,060244 8,121837
-1,857109 2,120422
0,270122 7,616392
-2,486248 2,849020
-1,943693 1,441244
-1,485852 1,983431
5,577019 -1,390348
5,644473 -2,282997
0,389062 8,603570
5,526151 -1,695571
0,308185 7,403698
5,682668 -3,466681
0,014408 7,453681
5,954019 -1,312707
-1,117549 2,154705
-1,251683 1,758127
-1,698477 1,979661
-0,939809 2,524178
5,473574 -3,024981
1,683182 7,588885
-2,932771 3,641645
6,438246 -2,020770
0,792647 8,286140
0,475523 8,536794
-1,261317 2,270580
-2,384613 2,136820
-2,044644 2,628652
0,651660 7,840364
-1,685278 2,375034
-2,534045 3,356810
5,349869 -2,795881
-2,450886 2,640730
-1,879277 2,415309
5,278964 -2,609931
6,750960 -1,970764
-2,827842 2,087051
-2,328920 3,180055
6,646627 -2,933427
1,308819 9,977183
6,376653 -2,677367
-1,770284 1,611164
-1,775963 2,476913
-1,812298 2,659527
-1,427633 2,393076
-0,254699 7,663390
5,066703 -2,904482
-1,592452 2,188039
5,918253 -3,025458
-2,971746 2,873585
-0,768456 2,599625
6,650905 -2,814329
-1,311702 2,921109
-0,785177 3,645388
0,063347 8,404098
1,803802 8,403468
-1,030481 3,447533
-0,881149 2,220626
1,381307 8,267874
-1,596096 3,660428
-0,950436 2,573786
6,678289 -3,412483
1,521827 9,841759
5,394949 -2,276125
-1,575045 3,275557
1,395440 8,962397
5,556201 -2,088220
-1,436229 3,033148
-2,253060 2,142672
-1,770730 2,603210
0,410909 9,228483
1,273521 8,192663
-0,473682 9,482323
6,500506 -3,252335
1,851862 8,448359
-1,802923 1,835664
-2,072130 1,851896
-1,533089 3,126179
1,316062 7,285673
1,104573 8,687524
5,491929 -1,291449
6,892912 -1,519563
5,351567 -2,509527
5,655374 -1,674967
1,733317 7,491306
0,646567 9,200234
4,601761 -2,148050
-2,444969 2,669711
-1,831273 2,531910
5,763265 -2,955693
-2,503013 3,172098
6,694977 -1,194175
0,764219 9,179875
0,867527 9,261827
1,454287 8,190917
-0,047571 8,859382
0,710761 8,146176
1,046428 9,414707
6,454322 -1,176419
5,656744 -3,128270
5,676688 -1,858182
1,528284 8,465443
-2,322133 2,112507
-0,304342 2,834488
-0,774050 1,547856
-2,517242 2,400601
5,642480 -1,230008
-0,003529 8,056426
-1,319452 2,610706
-2,126526 3,071296
0,736624 8,503445
5,257369 -1,523366
1,094109 7,774455
1,821690 9,214121
1,283698 9,257971
6,404384 -1,699387
0,951401 8,325396
-2,780287 3,233315
-0,782164 3,829418
0,305268 8,625698
5,512964 -3,146068
6,406490 -2,794906
0,994226 8,968381
-1,384042 1,692900
-1,645297 2,692071
-1,423080 1,938970
1,873187 8,338963
5,072947 -2,378500
6,490705 -1,529185
6,444377 -2,582463
-0,988162 2,044604
-1,808603 2,044608
6,962326 -2,150552
-0,367511 9,467390
0,203501 8,067852
5,897523 -3,673272
-2,226634 2,370546
-2,283908 1,912139
-2,208327 3,763952
0,271152 8,328186
5,682936 -3,241883
0,599656 8,580522
-2,857512 1,805068
-0,355523 2,996445
0,452204 7,828033
5,808050 -2,609228
0,405747 8,316954
-2,741746 1,763843
-2,278131 3,048092
0,910011 9,825975
1,118245 8,417282
-1,235245 1,637778
-0,086446 8,454769
-1,294602 2,800642
5,989668 -3,520449
0,132457 7,866604
5,553884 -1,446124
5,596125 -3,102640
-1,258464 3,449693
6,095052 -1,590580
-0,920846 2,373924
1,931176 8,549195
5,115539 -2,240677
-1,886868 2,369803
5,846057 -1,812632
1,354954 7,739039
-2,893867 2,134833
5,420655 -1,459537
0,493905 9,533418
6,257070 -2,557995
5,017968 -3,242906
1,372571 8,675219
1,284602 8,269613
1,233601 7,972074
5,857653 -1,777375
1,802758 8,637758
-0,882053 2,910828
-2,385507 2,159200
6,295064 -1,787687
5,576565 -2,710924
5,565774 -2,913009
5,491295 -3,399322
-1,354698 2,681586
0,828772 8,970357
5,968393 -2,151105
6,083632 -2,699515
5,370430 -2,835249
5,538659 -1,626068
0,894778 7,921077
-1,788101 2,195800
6,098353 -3,610323
-2,255920 3,224032
0,984625 9,243354
1,082638 7,289059
5,437589 -2,322786
-1,194802 1,974670
-1,969751 2,619256
-1,875088 2,143251
0,556511 7,905448
-1,799971 1,396453
0,637144 8,220260
1,454116 8,846853
1,219590 8,507856
1,126893 7,751062
1,348617 8,682466
6,427128 -2,193316
-1,299925 3,734654
6,276915 -3,313781
-1,656317 2,478323
6,710688 -2,949200
5,335617 -3,286705
-0,117044 8,413587
5,641360 -2,007872
-3,016125 2,918156
0,971580 9,004047
-0,020635 8,710787
6,619856 -2,947460
-0,039105 9,771233
0,207295 8,456606
5,824476 -1,131856
0,153775 8,379365
6,231484 -3,003648
6,145508 -2,622535
0,414527 8,756539
-0,943027 2,164017
-1,637173 2,807286
5,322075 -2,635225
1,265599 8,438792
0,436171 7,853171
1,061080 8,328945
1,634410 7,869889
-1,803982 3,567044
-0,310169 2,960447
6,771887 -2,580115
6,074527 -2,268322
1,259462 9,033535
0,262277 8,850433
0,177351 8,853249
1,602553 7,247509
0,931927 8,502177
1,950662 8,450653
6,628841 -1,277280
6,053971 -1,879027
-1,292672 1,487008
1,148779 8,138965
-0,559641 3,979582
-1,876794 2,761820
4,843258 -2,496729
6,431564 -2,045682
-0,318712 8,143523
5,792181 -2,157671
-0,151313 9,005365
6,471894 -2,449006
1,495736 7,905344
6,476742 -2,351618
-2,346761 2,077838
-1,952814 2,744339
-0,566246 3,521505
0,759424 9,001000
2,104602 9,042645
0,398782 8,078048
-2,375272 2,707739
-0,120974 8,115018
5,439395 -2,909681
6,320633 -1,474481
-2,146124 3,727192
0,859454 8,573465
5,590037 -2,754602
-1,248848 3,405782
-1,376069 1,958732
-0,976914 1,358128
6,712488 -1,807211
-2,419650 2,961836
-0,815845 2,524186
1,511096 8,950666
6,091704 -2,048046
-1,077069 2,104236
-2,108163 3,461911
0,377414 9,526888
6,224693 -2,909791
5,164688 -2,036929
-1,896829 2,703367
1,575559 8,632630
0,883604 8,828899
-2,323434 2,740372
-0,975144 2,637809
5,264933 -1,851997
-1,970260 2,775733
-2,731336 3,505597
-2,199828 2,712684
0,973954 8,883418
-2,098299 1,831851
1,278855 9,038578
4,778695 -2,468792
-2,592025 2,526479
5,451949 -3,401876
0,031883 7,955603
0,050127 8,330440
5,569434 -2,666721
-2,790655 2,525437
7,223399 -1,690716
-0,230033 7,958632
0,666390 9,212972
-1,964000 2,523565
6,382015 -2,656749
-1,587152 2,754416
5,996457 -2,061685
6,569101 -2,973604
5,621529 -1,728036
5,613961 -3,320771
5,710381 -1,874153
-1,640965 3,392983
-1,772364 3,159677
-0,439876 8,129493
-2,424253 2,258395
1,385931 9,601481
-2,242567 2,477652
5,906901 -2,719846
-2,941772 2,106955
0,899867 8,227079
6,329331 -2,209180
-1,433370 3,179130
-2,308486 1,863285
-1,299437 2,411691
-2,048068 3,291572
-1,974405 2,568492
5,879084 -2,668914
-1,417859 3,522685
1,474404 8,481499
1,783075 9,110139
6,361917 -2,719185
1,076508 8,224964
-1,793884 2,889603
0,531412 9,119004
5,287761 -2,975821
-1,595949 2,342138
-0,448998 3,054689
5,446638 -2,568851
5,487893 -2,505149
5,531870 -1,402810
4,861306 -1,948304
0,073062 9,325872
-3,051886 2,703461
0,531297 9,555812
5,342951 -1,665258
-1,037210 2,451885
5,001376 -1,322106
6,275703 -2,947443
-1,615893 2,208483
-1,629540 2,425225
5,884892 -2,606742
2,118706 9,246257
5,478350 -2,125658
-0,895133 2,464093
-1,282709 3,580536
0,489473 9,088713
6,392432 -1,451268
-1,964200 1,132390
5,453741 -1,884498
0,588572 7,999523
1,091522 7,494352
6,089914 -2,130863
1,415483 8,373487
1,629883 9,107054
1,665704 8,096929
-2,645527 2,338580
-2,171442 3,214997
1,212311 9,161378
-2,029924 2,185608
-1,043025 1,762960
0,072229 8,278164
1,660888 8,075217
0,887985 8,457340
6,064695 -2,321276
-1,610262 2,691556
-1,250210 1,277340
-1,767744 1,774119
-2,025492 2,615351
0,926591 8,088532
-1,165502 3,007584
5,875245 -2,273691
1,636206 8,456734
1,462541 9,090909
-2,080582 1,865114
5,203222 -2,374645
6,512770 -2,660255
5,314761 -2,659649
1,635065 9,480674
0,851790 8,084009
5,214824 -3,152906
-2,509185 3,506832
6,293863 -2,421038
0,961904 9,042905
0,994067 9,073233
-0,727140 2,687342
5,681437 -1,900575
0,802439 8,614781
5,393265 -1,754071
-2,205359 1,164909
0,338118 9,095375
-2,084304 1,877621
2,064216 8,675029
-2,262217 2,560097
-1,561368 2,794107
4,648229 -1,785838
-2,239908 2,150318
-1,979572 2,765383
0,551079 9,344585
0,559641 9,277494
5,816494 -3,538797
1,173412 7,482171
4,847026 -1,706121
-1,508758 2,948031
-1,242900 2,766819
1,419401 8,351443
-1,737538 2,218311
6,937998 -1,370096
6,951866 -1,642073
4,986769 -1,541470
0,500686 8,066901
0,305116 7,216302
-2,274304 1,843438
6,397552 -3,663778
6,533296 -1,413639
6,379582 -1,649018
-1,672233 2,208724
-1,826287 3,647733
5,506460 -3,403079
-2,630469 2,795149
7,052741 -1,975197
1,353280 8,103587
-1,542178 1,496886
6,436191 -2,326042
5,966825 -2,513157
5,036853 -1,613266
0,625842 8,240826
-1,793015 3,296068
6,159927 -2,439148
5,770726 -2,230045
5,109586 -1,281869
1,866861 8,750477
6,699016 -1,988548
5,911858 -1,477633
-0,032690 8,524762
-1,274657 3,624926
-1,820759 1,322927
0,110639 8,341328
6,967494 -2,366426
6,027889 -1,849330
6,809851 -2,619474
0,760270 9,624929
1,426988 7,987021
5,853334 -2,414440
-0,325005 9,560054
5,310962 -2,000950
-2,066710 1,807362
5,744144 -2,224019
1,200951 9,066717
1,970263 8,607839
1,580866 9,545621
5,628472 -1,296529
0,561450 8,125730
6,551395 -2,670673
-2,844731 2,050017
5,855218 -1,779902
-0,180037 7,993364
0,072714 8,169722
1,936235 8,644067
-2,989027 2,432920
4,933507 -2,791631
6,789672 -1,990216
6,143648 -1,459785
0,920044 8,164166
5,554834 -2,865627
0,399042 8,123719
6,692222 -2,654195
-2,845263 3,063851
0,318150 8,769340
-1,424593 1,413870
1,192094 8,258885
0,966920 9,264356
-2,385753 2,539795
-1,666027 3,679100
-2,105553 3,076288
0,809365 8,569577
-2,231370 2,653200
-0,062317 9,735437
-1,291869 3,151947
0,895335 9,692748
5,605440 -2,576437
-0,856673 2,369345
-0,119499 7,913901
-1,936309 1,981920
0,919234 8,015817
5,721910 -1,367435
-1,762580 2,356051
0,929530 9,056222
-1,210308 2,506628
-2,390917 3,163049
0,665370 8,506318
6,137627 -2,413384
0,009043 9,142004
6,529152 -3,362638
5,652705 -2,184686
7,123670 -1,735955
-0,034511 8,836327
0,981738 8,606311
-2,159124 2,423319
-1,057256 3,919238
-0,318810 8,450663
5,881708 -2,891661
1,254577 7,866707
1,788953 7,706856
5,841588 -2,821965
0,515109 8,835655
6,908994 -2,664363
5,650314 -2,164674
0,782081 9,192571
-1,670397 2,191455
1,467375 8,575372
5,513834 -2,457028
0,041000 7,258354
5,898112 -3,493400
6,406950 -0,979154
1,603374 8,199489
0,544270 8,291370
5,333212 -3,044032
-2,339155 2,769114
-1,587023 2,286146
6,430629 -1,946010
5,765792 -2,668346
6,163836 -2,312095
-1,946443 3,513791
-0,810442 2,791644
5,658390 -3,314436
-1,682357 2,421429
-1,831883 3,159173
6,288069 -2,266957
1,036334 9,190822
4,945097 -2,354465
6,477829 -3,313585
5,979346 -2,089510
-2,580308 2,830477
-1,932309 2,207688
0,601709 9,128322
-0,791126 1,981059
6,602457 -1,718083
0,956300 9,609780
-1,049032 2,417492
6,098542 -2,275209
-1,676688 2,323625
5,462223 -2,477011
-1,956323 1,996954
-1,493118 2,846851
0,665216 9,436687
0,816969 9,420863
-2,135314 2,584566
1,598477 8,569331
1,219415 9,134576
1,285586 9,136505
5,539112 -2,317440
5,722373 -2,514340
5,265086 -3,609397
-1,309355 1,461031
1,014893 9,262022
-2,070549 2,395155
0,249892 8,034299
-1,953978 1,731957
-1,638404 3,533790
5,086893 -1,626572
0,344935 7,573182
1,331816 8,648447
-1,203080 2,004122
-0,805002 2,297501
6,065687 -2,060720
5,036527 -2,790339
-0,923084 2,548525
5,683484 -1,916258
0,597890 9,177332
1,191436 9,581894
-1,598957 2,737037
6,512972 -1,564502
-2,461632 2,709797
-1,724390 2,403584
4,757398 -2,376585
-1,757786 2,228207
5,771192 -3,245783
-2,078668 2,712409
-0,169780 7,941048
-1,584058 2,419751
-0,357454 7,718248
5,769376 -2,954244
-1,059408 3,720064
5,509038 -2,769278
0,601080 8,036634
-0,739301 1,966881
5,862420 -2,504515
5,337782 -1,701841
-1,940063 2,830620
6,101964 -2,467931
-1,232547 3,430244
0,759543 7,784612
0,017677 9,052131
-2,193002 2,999078
6,154504 -1,698341
5,793743 -2,286458
5,663146 -2,571104
5,835804 -1,897447
0,213682 8,611805
0,306510 8,564614
0,591543 8,776717
5,639070 -2,553722
1,857162 9,458889
0,152839 8,791788
1,519431 8,249733
-1,790017 2,039466
-0,471415 9,183745
-1,631375 2,904930
1,005824 9,880539
0,326422 9,095421
-2,843271 3,221937
0,065118 8,379993
-2,371515 1,630739
6,157591 -1,927306
5,118798 -2,298215
1,859996 8,027162
0,031095 8,285063
-2,622665 2,754993
0,963438 8,438588
6,115648 -2,386733
5,506681 -1,347443
1,000703 8,276981
6,419577 -2,981221
1,295701 8,110436
5,194470 -1,825971
0,977456 9,416497
0,554646 8,857789
0,794325 10,058453
6,047355 -1,971126
5,398075 -2,418412
6,721223 -2,558007
6,804570 -2,568371
7,203211 -1,516684
1,021193 8,257906
6,368401 -1,987541
5,415876 -2,409321
-0,661748 3,052457
5,541604 -1,664500
6,536640 -2,564282
6,638220 -1,510657
-2,526960 1,937943
6,014097 -2,398174
0,052564 8,399392
-1,925865 2,665988
0,941855 8,574244
5,991619 -2,610745
1,687530 8,778839
-1,831890 1,100898
-1,535677 1,956582
-2,073928 2,266443
2,057030 9,879150
5,272779 -2,867828
5,555774 -1,125208
0,685263 9,216582
-2,128995 2,099212
0,496789 8,376342
0,712495 8,102992
1,600805 7,871932
1,513227 7,727101
-0,861610 3,942676
5,150396 -2,517954
-2,427302 1,268414
-2,098360 2,377167
-1,496830 2,367587
1,673368 8,692564
-2,610919 2,166431
0,273368 8,634432
1,215614 9,237829
-1,726439 2,523299
-1,201700 2,281987
-2,137303 3,067858
-0,793680 3,281486
-2,058438 3,216988
1,118318 9,036331
-2,157728 1,605415
-1,253226 2,399482
1,441717 8,664270
0,935648 8,986736
0,496718 8,473457
0,767112 8,407627
2,030202 8,359307
5,657613 -2,535256
-2,879890 2,727529
5,275368 -2,544137
-1,579673 1,834993
0,494111 9,038799
6,231613 -3,132935
4,759425 -2,490996
1,562523 8,076943
-0,389879 2,551326
-1,668568 2,409405
-1,641672 2,476916
6,050105 -2,653333
6,112693 -1,775027
0,245115 8,457180
-1,153923 2,676063
6,010888 -2,439246
6,094632 -1,173427
-1,970980 2,533448
0,832620 9,159104
0,874250 8,629625
5,581081 -1,933447
-1,827909 1,892766
-0,910315 2,427590
-1,835559 1,252976
2,014040 8,375097
-0,989532 3,515322
6,622002 -3,092891
5,578686 -1,879559
-1,350142 2,674678
6,063813 -2,775320
0,572420 7,682142
5,030068 -2,336458
6,553766 -2,532886
1,467434 7,814474
1,371010 8,881550
-0,428115 9,161027
7,037704 -1,315108
1,171051 8,956988
6,827309 -3,307426
4,587142 -1,259560
6,739892 -2,803798
0,623608 8,973127
1,310677 9,732914
-1,506190 2,560263
0,490906 8,417796
-1,812429 3,129474
1,061483 8,708207
-1,905283 3,659217
0,759749 8,544477
5,693159 -3,137156
-2,965833 2,890176
1,131711 9,701179
-1,702077 2,960136
-1,773266 3,370171
-1,241699 2,396834
-1,871023 3,535575
1,579281 8,326395
0,793152 9,420802
0,698411 7,768932
0,656745 7,803640
5,648204 -2,199146
4,981620 -2,457604
4,650572 -1,971336
6,169407 -3,502657
1,312515 8,837195
-2,148185 3,044853
-0,744692 2,032147
-0,623744 1,255768
-2,220830 2,042361
0,673460 8,781546
0,075240 7,331153
-0,356391 8,538972
0,800471 7,995399
0,521393 9,330763
-2,230367 2,580142
0,356142 9,467279
5,096996 -2,326256
6,076466 -2,300407
0,179273 7,661353
1,522864 9,031276
2,034262 8,102339
5,493717 -2,312953
5,238217 -2,885441
1,322562 8,558955
0,712496 7,383932
-2,371403 2,617203
0,762038 8,266644
