-4,147214 -4,222617
10,712649 -7,084552
11,318468 -7,306160
-4,464282 -3,749747
9,856311 -7,546417
10,113663 -7,549360
10,347912 -7,413405
11,147022 -7,285364
12,389169 -8,215123
-5,072231 -3,681876
10,702353 -7,344688
-3,630758 -5,105429
10,344961 -6,610874
11,598823 -6,647205
11,069903 -6,830115
10,238062 -6,571501
10,370377 -6,415257
10,698619 -5,777736
10,513402 -6,310357
-5,235424 -3,748722
11,021259 -8,062520
10,801049 -6,462642
11,508988 -7,370056
-4,086534 -3,722798
-3,700107 -3,865322
-4,885405 -4,716475
-3,879315 -4,686776
-3,902521 -3,782273
11,450042 -5,616703
-4,378281 -4,772354
-4,591191 -2,617628
-5,149058 -4,432499
10,255703 -6,362433
11,840351 -7,938795
11,253120 -6,664732
10,187899 -6,833653
11,546151 -7,515192
-3,418917 -3,635830
10,840467 -7,721229
11,529589 -7,117642
11,510720 -7,323298
-3,326482 -3,720935
10,661323 -7,122435
-3,784675 -4,902144
10,868630 -7,036384
12,202562 -6,298556
-3,813866 -3,977222
-3,748122 -4,715913
-3,884038 -4,938567
11,313998 -7,002273
-4,503707 -3,781304
10,684330 -5,763750
10,638676 -6,886143
10,800676 -5,840098
-3,764884 -2,798867
11,097600 -5,843153
10,126208 -6,863959
10,962617 -7,105639
-4,157922 -4,039771
10,459868 -6,057357
12,054108 -5,905741
9,678604 -7,374867
10,154436 -7,320362
11,419326 -7,078220
10,804550 -7,198351
