111	12294,37908
111	16340,3989
19	11632,40478
60	4181,613279
13	6847,806355
108	14015,93228
21	11549,21143
55	6343,149499
19	12033,72782
63	3722,763324
19	10266,14012
60	5107,300257
105	15824,50813
61	4661,409056
51	4186,869605
104	15479,55955
113	12954,17871
107	9509,893711
19	9066,86403
16	13364,0243
108	13393,56664
48	5369,242863
16	11083,21632
57	3852,723454
21	11390,77487
109	12308,99992
109	10348,76661
20	6761,033428
53	2324,136873
48	2434,758589
105	16194,33322
105	16162,14767
17	6382,3626
102	10569,08957
50	8390,861749
106	15769,03649
110	17434,09169
54	2906,546777
16	11198,71058
14	10545,22595
23	12058,97825
53	4289,208306
59	3779,736437
19	6727,73715
111	11828,14015
99	18764,62508
105	12731,81014
25	8780,394671
59	5731,141787
55	5718,124535
23	10827,64751
61	3156,092054
52	6557,198791
46	3529,695568
113	10051,33959
50	6370,264763
57	997,398583
20	9538,950323
14	7579,904976
12	10582,34843
49	4921,262896
13	10486,54393
100	13155,80119
113	12741,87032
57	4848,102195
20	7575,480456
52	5327,462511
13	7998,08952
17	9527,431195
16	6001,822899
111	15649,96174
108	17905,87367
26	9789,97153
17	6995,360126
107	16246,47913
100	18609,59434
15	14570,34274
105	18000,43427
103	15737,68202
14	10603,44003
51	7608,272613
13	9084,408522
112	14579,54596
55	6393,309723
56	5309,297068
21	7001,619828
104	17304,44487
53	2547,017543
102	15979,40608
113	13606,17416
46	2515,902771
57	687,521048
18	9272,45783
98	10739,64325
60	4627,906332
101	14308,32251
103	12183,20348
98	13044,72434
52	8475,389233
115	12679,7438
108	16298,65294
58	8514,357313
18	7520,872798
51	4405,393965
55	2225,180355
54	2794,653776
104	14382,77052
55	390,265526
45	6721,784888
19	7321,213487
55	7999,141223
53	1067,831182
104	10074,64333
113	12303,27847
50	4004,562825
108	15914,50236
101	15981,26011
19	9739,313007
102	12253,61347
13	13344,21722
17	13317,06043
102	12212,26337
52	7132,46213
16	12127,65246
20	9630,398127
107	9729,079487
106	12204,89046
58	2585,475581
11	5924,170032
110	11776,82319
57	2193,905682
50	3466,88624
15	8487,008953
21	7417,797223
53	3400,866589
106	12397,73157
108	16283,1888
12	12357,74956
21	9128,301223
50	5491,333129
109	15795,07195
16	10873,43012
56	3450,212978
11	11848,98482
50	8008,339283
108	10810,02013
21	10198,37289
24	9960,374089
109	11841,18216
21	12746,97453
13	9249,772504
20	9955,945194
52	3959,070303
62	6407,871318
14	10029,27439
53	6262,47659
17	8739,295185
108	16757,59864
47	4494,49801
21	8953,786589
9	14122,0249
24	9060,086591
55	6251,264719
52	3432,635634
20	9196,604865
98	17009,64789
11	10273,20887
107	14919,00256
56	2306,318498
56	7935,888907
103	14179,35124
55	6618,729737
20	9750,09054
57	5063,291077
108	13952,21575
49	4753,109261
59	6622,112899
11	8822,714735
13	13857,02993
17	13720,24493
103	15134,08694
11	11433,74887
105	13577,6913
107	11491,85081
61	8678,160766
53	3444,654893
107	10227,8547
50	4523,730654
111	13503,67045
18	10916,70679
17	6842,360006
109	9731,95228
54	6229,628921
17	11637,96296
13	12230,70345
110	12804,63522
110	15449,76971
23	10264,19041
15	11378,69193
60	5375,601856
113	11721,61519
53	8773,24027
111	11788,24919
21	4816,74722
24	10144,11353
50	1406,903148
104	13717,79385
53	6176,027008
17	12681,81916
56	4022,386543
17	12721,75045
21	10592,11841
108	13604,84673
55	6080,108561
54	5054,390235
14	9002,181653
111	13072,19494
107	11999,66568
17	12110,64649
20	8652,612348
17	11347,55944
18	12544,12254
105	14292,59645
107	16150,27521
12	8840,580815
26	8937,24621
52	7591,336747
17	11192,54298
50	6893,265785
16	7103,118996
102	13577,87134
106	13673,57261
107	13194,23567
19	10689,13628
21	13584,82143
58	7045,214396
17	8436,639326
108	18456,57992
54	9831,620817
105	12790,5516
108	13428,63471
48	7551,261277
52	3138,772454
12	10410,00481
104	13338,26704
107	12720,72516
104	17943,81318
59	3403,122667
22	11241,38242
106	16807,85054
54	7245,613012
112	13672,75942
101	11213,86686
101	17657,71381
58	4250,092396
8	12315,47428
24	9017,734489
56	5265,483526
106	16545,72
17	9789,227409
48	1923,080254
16	7209,720534
58	8552,577678
18	11871,61735
12	12406,66854
101	13508,76268
15	10870,24986
108	10234,75327
102	15198,45166
17	12315,44634
46	3011,284797
56	7621,14121
105	15937,66385
21	11768,52256
54	4336,24423
14	8094,638409
14	13396,29532
112	12582,41003
58	6474,380327
101	15182,92571
109	16870,04862
109	13937,44641
16	9601,967189
113	13442,64092
107	14926,75088
15	10763,57599
103	15751,2229
17	7278,87737
54	2504,849223
51	5032,551264
56	4827,513036
107	15146,79847
101	14559,72938
54	2656,430105
55	6569,875996
19	10480,35293
111	15253,62685
8	8959,948473
103	10670,88184
104	14821,62525
54	8774,551734
20	7840,342175
106	12657,28295
105	11946,31436
24	12645,25274
23	13153,10113
22	8041,237642
54	4496,240037
59	9612,144097
56	1541,478443
52	4016,881102
19	7858,899855
112	9640,280051
20	9948,597947
108	13438,19848
25	6567,118222
59	5511,239974
21	12694,72376
12	8330,632204
55	4255,051818
107	16223,28986
107	14394,93247
100	13821,72339
59	7055,072159
105	13353,94717
21	12431,17665
105	11256,52594
99	11254,7044
56	4628,754023
58	5465,061662
110	13567,88429
52	7755,676936
102	13950,19626
18	7563,846553
58	5246,152506
106	11673,57296
18	10685,05623
100	11989,4658
102	10569,16821
18	11033,53276
14	9669,218429
17	7662,687138
109	13464,49622
55	6148,34869
18	10736,74655
13	6758,876586
12	12104,20704
18	13298,46275
107	13280,95703
104	15700,54032
17	14094,4955
54	6224,504148
52	4064,98587
59	5604,654
56	6748,813808
107	14281,50479
24	11761,85917
102	14591,47116
53	4955,102082
18	9980,426503
52	4498,309587
55	5830,553936
56	7767,130264
22	9553,02649
58	4994,905785
50	6478,142296
52	1503,271265
26	9091,125488
108	14305,86779
20	10859,0814
13	9977,427962
20	12971,49716
14	9089,723102
50	5245,911229
53	8951,878563
54	4310,870819
52	6418,546386
56	1142,7994
105	14134,97108
100	12353,8461
20	10196,38249
52	2176,702842
101	13992,52416
99	15339,92291
104	17375,32698
16	8486,779545
109	11262,61436
53	4988,789512
106	13419,67698
25	11472,16422
55	2686,46632
23	9180,055582
105	14199,14122
50	4124,737701
52	5422,555566
112	15543,80272
108	14236,37115
110	11044,60252
21	6462,119046
107	12812,74361
59	3548,622177
57	8695,124248
102	11257,57801
50	2541,725093
108	14193,33145
19	9659,695007
104	11646,61047
105	11199,48804
23	6899,63916
13	6256,187418
56	6672,856593
104	11215,1168
111	14567,24709
106	14841,56937
14	8459,738224
54	6883,882944
108	14586,17271
20	9494,071721
10	9918,490154
106	14961,96721
54	8537,405883
12	8751,784419
107	10790,18266
110	12957,53253
19	12968,99469
55	4615,684051
103	15923,66622
21	10465,00328
103	13696,94591
55	4280,90277
48	6254,368285
51	3441,68584
108	10758,5751
21	10774,40664
106	16688,17037
16	9007,224306
108	12258,47743
14	10025,29376
105	14339,53947
52	2363,07398
107	16604,34037
100	12608,64237
17	14027,57263
12	6192,176307
107	14037,85897
104	15837,94641
104	12738,05973
12	6718,579086
101	13790,07306
103	13023,67408
18	9099,906566
15	11001,98454
59	7733,468628
110	17560,20001
111	13546,73318
16	11521,6706
50	4613,753981
107	17201,64148
55	1348,735904
24	9786,515456
11	8541,226421
109	15904,08757
112	13267,92357
23	13254,52079
54	6464,296545
21	7393,18138
21	10248,78405
53	4707,896256
50	6494,838442
57	2496,11908
22	8271,147687
13	11676,31872
109	12589,46666
55	4143,559809
59	7439,240869
49	3381,505063
57	6696,348157
51	1593,514437
53	8050,61473
57	1307,148107
106	12290,63291
110	15711,12986
55	948,474218
54	5980,02127
59	6011,059491
101	16828,06605
52	5500,003904
57	4556,274837
51	4061,993188
104	11049,18092
54	2284,361014
15	9172,335138
17	5561,48794
107	11629,39903
53	4624,71558
20	10375,03281
21	10849,16159
101	12994,78608
48	4686,843552
62	4813,577114
11	9500,582437
16	7529,746778
58	6120,354063
105	13297,02967
19	10620,87562
21	11211,40283
103	13846,68509
22	12814,39685
12	10117,17434
54	4323,495216
59	1045,087335
104	13529,15804
114	12365,52488
105	17099,94354
100	13341,78832
102	12084,50257
53	4907,788231
107	17837,55687
59	5043,347239
54	6575,285885
52	2165,833123
20	9537,858944
17	7951,392215
54	5564,154608
116	14938,30698
59	3662,925734
50	8304,214914
53	5724,842996
107	15220,68723
18	8185,296494
108	17766,40631
108	14643,84653
23	8210,290209
55	2144,914111
52	4546,200531
101	15212,48458
22	7354,180576
102	14201,20839
49	7825,988913
114	15732,94555
52	5222,04825
14	7297,31312
15	12217,46816
103	11534,66237
55	2897,546223
10	8873,730041
52	5646,882541
59	2579,460369
109	13632,18005
13	11956,02878
60	2417,06241
61	6483,008624
14	10923,62761
111	13880,50502
17	11580,56615
18	8751,523464
104	14958,86408
49	3322,681121
111	13277,52223
60	776,740256
17	7851,802253
20	7762,531968
53	5221,228876
57	6920,007417
20	11921,29537
19	9006,066999
16	8159,453772
49	2860,189371
16	7204,681605
99	12850,40177
110	13893,73197
49	7755,623132
54	5159,770564
13	10512,12386
58	6428,619404
57	6024,98793
56	5456,608757
25	10881,43847
20	7572,927717
49	5926,717587
57	3599,989685
54	5807,306691
103	13284,5381
107	10366,44325
57	6692,624215
110	10316,99837
106	12213,23734
13	10263,29577
12	9353,798147
108	13048,70298
19	11278,34119
105	12278,18683
52	3018,583843
13	7131,429642
11	9077,208613
102	13857,40516
53	6118,425778
18	7649,429439
12	5618,715828
9	9249,605478
107	14119,22092
17	9502,182957
63	3942,373489
112	15068,25394
102	13067,57706
17	11413,62115
107	10195,47051
105	12525,41673
46	5534,916607
46	5889,089745
50	4837,2802
55	6434,729188
16	10609,63561
12	7353,381697
112	16474,74761
107	12200,5035
16	9650,956907
109	12394,04368
51	2317,695111
23	5398,782781
58	3021,646281
14	11535,41537
10	7510,02231
20	5704,127335
54	249,23971
12	9551,024779
105	17520,35175
109	16690,79448
54	5709,969944
56	5212,750177
16	11868,09217
98	11528,08372
16	6833,367486
17	10470,84649
20	7469,516605
54	6028,214182
110	14071,04777
105	13597,46931
55	8002,673238
108	16830,02019
21	10518,58471
57	4941,050005
107	12902,53647
49	5421,013487
54	4610,960929
55	8447,045434
100	17004,8701
58	9484,817656
56	6105,430135
56	5234,749761
12	9873,985139
97	13531,7693
52	5761,708787
108	10920,07743
110	12746,16102
20	11009,69059
23	7827,027893
49	7442,660994
15	9032,516216
20	7558,31142
100	13727,58834
58	4355,860036
58	5229,628984
107	15641,08273
49	7192,522287
106	10932,46305
17	11049,98134
16	7934,850607
54	2985,228441
101	13100,43259
100	14601,46309
19	6683,704381
19	8938,333944
110	9909,724052
61	1873,334276
11	10389,16249
54	1790,816982
24	11777,91669
12	10559,80165
11	8877,452669
111	18584,40507
105	13967,64608
105	16062,19743
102	14189,24928
10	13712,81116
106	13792,91443
56	5502,644396
21	12971,87554
115	12392,63144
100	10552,58578
109	14553,15695
107	12897,9797
11	7554,799181
103	14052,87155
102	16950,23869
98	13944,19093
19	6671,442642
105	12020,75905
52	5028,660532
11	10545,3088
23	12655,55766
15	8846,480987
104	15424,25433
53	8406,730857
19	13472,476
59	8496,139805
104	14989,96983
9	9135,201561
108	16509,73117
25	4922,643846
61	5330,688045
14	9194,648659
53	6613,473785
51	2335,608414
18	10419,94627
114	14419,15103
19	7965,206838
63	2198,635615
17	10922,71499
22	11106,55067
16	12866,14553
53	7751,501499
63	5033,076961
21	8187,800686
21	10783,73396
16	10834,72867
22	7852,874012
20	11099,32268
60	5832,794717
106	14225,14715
58	5788,339119
54	3896,179557
53	8842,649499
110	11131,49571
25	9628,905087
22	6673,10597
11	6395,839773
106	14712,61316
24	8483,003873
15	10581,59493
17	9756,413499
10	10717,038
110	14641,81283
107	12034,35354
23	8695,492774
21	11334,48121
11	8650,085765
104	12248,29566
20	9676,683427
62	6555,699257
17	10401,0614
55	5421,398734
14	11148,90553
106	15679,91388
51	4823,820847
12	8612,235995
105	12097,55333
21	9826,843118
109	15103,7152
17	8875,788323
51	5162,949602
57	4024,561704
106	13005,09818
105	13578,67116
108	16974,15716
103	10996,49821
98	17423,09757
100	13356,06019
106	15121,85794
108	12596,96179
51	2339,296789
18	9051,150406
17	11045,99723
54	2914,781778
107	15945,61531
104	10329,59576
113	12379,61318
105	17843,25063
53	4783,529172
106	13194,06782
13	8957,105512
58	5248,952556
17	8610,446021
52	6539,801236
25	14366,55781
10	13610,76728
99	13027,26907
62	7459,632793
54	7989,292093
105	13736,69384
54	6301,61932
15	9649,623771
110	17441,82567
21	8926,616949
52	9177,104062
54	7171,410481
60	4654,336223
108	16183,33376
16	4854,74955
10	12107,13884
53	3600,344933
24	6314,358708
113	16059,23897
62	6502,484033
104	11022,39612
57	2322,019805
20	13237,54518
106	12937,493
25	7189,18896
104	15069,25584
18	11630,71643
55	4530,782181
106	13812,40603
18	7651,85145
107	15194,30186
110	13027,55368
109	10776,87653
15	9632,702678
15	9310,837727
55	3444,940907
17	9831,995387
103	12687,16368
106	17849,49382
16	11565,23514
14	6715,689052
59	8426,909388
54	1188,431839
11	10576,90764
108	11768,17466
111	12833,44726
17	10728,34087
22	9006,427677
60	8633,299994
110	13481,58307
114	14558,32654
20	7422,20793
19	9045,117027
104	10270,9535
112	13489,35538
104	10814,19756
25	8364,721084
54	7707,45479
55	2944,201764
20	10338,76589
53	9036,875571
98	15212,46769
12	11946,36321
18	7151,647851
21	11318,26004
16	10478,74503
100	16052,62208
58	4766,739918
11	13351,1152
58	2160,049044
104	16382,84233
19	9661,050815
14	12264,09486
56	1090,911514
110	16981,66758
24	12215,50589
109	12978,96692
106	14244,4602
12	11576,066
60	2273,760441
103	13022,68993
53	5184,795538
53	3837,474663
106	11554,56752
99	15486,08993
111	12121,21569
21	10479,09613
52	4167,492693
11	10920,13415
17	10823,89195
20	7216,390995
103	11417,58331
53	9533,860833
111	12228,30937
20	5496,507759
102	16569,35652
105	14593,81149
55	528,829003
101	16181,48831
106	13774,86641
53	4268,924524
19	11773,05322
11	9348,753375
110	13019,34564
103	11543,43142
55	6609,446659
14	11291,19125
50	3718,580986
55	5023,791827
100	14381,13401
15	12934,51843
101	11281,27524
56	3783,368476
97	13150,20778
55	5204,453037
24	6803,240707
19	8508,310979
22	11776,01146
53	4310,446971
21	12341,24736
21	6085,698346
54	2878,66007
15	9824,621785
111	14189,20867
13	10404,8022
9	11327,47458
20	9950,668824
17	10212,4749
50	5118,14518
61	3127,984797
97	17790,46863
102	11394,71816
57	5683,020708
106	17936,98103
56	3461,578232
106	10719,40208
21	9979,455998
16	9700,978428
111	13227,57899
109	13876,64474
23	7362,606958
19	10323,88683
53	6615,080623
55	651,257196
15	9756,185601
15	8371,117494
17	10471,28071
108	12602,36641
19	10318,88556
62	3230,874536
114	14966,01978
48	8959,096375
19	10090,95482
18	5220,060797
16	6812,40462
59	6300,654181
60	1560,562737
18	10891,10388
20	8721,587913
19	9027,399187
108	13902,12105
55	8363,878718
52	6435,051174
22	11766,47119
52	1839,61375
50	2721,750283
22	9337,465679
16	11390,55361
14	9297,959269
13	13346,93897
46	7482,367051
111	10773,04994
16	9308,66172
23	9799,94656
48	6406,992575
105	18472,44272
14	14539,89533
107	13388,70637
19	12557,85946
52	7478,788729
48	7233,884737
18	11666,06889
14	10126,08916
46	6960,855774
60	1667,828941
10	6758,266234
97	12885,8616
18	11722,53943
9	9312,357948
106	14072,83769
26	8588,51543
48	5174,064546
10	9676,266296
20	14108,91837
114	17959,0714
51	5111,005792
17	6386,919231
106	12247,71356
16	9783,135044
25	14296,37403
109	15676,47236
53	8218,762904
53	3363,245439
18	11939,6432
63	7168,650568
14	9951,827229
16	11011,18308
22	8105,266661
104	13927,17201
60	4717,650139
51	7650,946888
19	12781,1085
17	9511,679991
97	13778,36484
15	10008,72224
15	9805,473006
47	9056,828431
17	9514,939215
104	9410,305242
54	2188,020691
14	9670,595297
61	6435,160826
53	2653,369578
53	5208,920113
62	5734,032888
17	7110,221416
104	12040,52402
58	6645,967209
24	13894,71572
107	15412,58431
105	16181,17099
98	12982,92301
49	6379,308009
55	4372,375049
104	15497,23633
12	6351,659853
18	7359,529035
106	13298,4191
110	10209,04515
16	13238,92074
107	12580,03512
23	7158,942398
61	3086,83283
104	16004,99132
109	12261,51458
17	9884,105082
18	11972,6553
11	11776,86474
56	6697,458582
107	14053,51211
111	13405,1849
50	3528,197641
102	18481,90693
18	10911,44551
60	6225,540276
52	3660,498111
101	17314,82658
12	12589,60012
109	13581,39071
61	3636,673309
104	17149,85606
97	13431,04391
19	11367,94437
56	3613,297987
106	17724,44888
10	10351,3428
13	9131,252707
110	17044,62423
53	4368,619421
59	4986,060727
107	15551,01576
102	15261,32993
57	1703,525619
13	9199,96097
104	14853,58655
21	12160,29318
17	10742,51806
21	6132,486229
105	10696,61162
106	16245,32341
59	5721,892348
112	16398,05892
100	15828,02372
20	10544,37565
51	1326,784962
60	2580,71757
108	10078,92042
51	6219,482233
104	10767,26762
60	4976,438465
104	14745,09974
12	10449,6657
24	7523,364202
107	14628,74518
19	6620,438223
107	11025,29541
49	5213,605035
105	14814,87335
20	6683,072071
51	4883,03564
58	5153,029623
18	12302,04687
53	1339,054231
62	4404,323279
56	7086,534941
50	6495,886226
49	6753,538795
20	11355,53764
103	14146,5685
104	15070,217
59	7416,630221
16	7770,983771
63	5034,575277
12	10536,13331
113	15670,1957
113	15077,30748
107	13193,0919
59	3951,00762
100	13256,31751
48	7863,429869
18	10449,17076
107	16000,97571
103	11919,44258
17	10843,3096
108	13605,9919
54	4618,950256
56	8436,264749
104	13961,74704
106	11669,51366
60	9840,035089
19	13238,38073
108	14119,80265
106	12530,67624
15	6478,655957
108	11449,41378
102	16857,7994
106	13306,60903
18	9885,15619
57	6616,203635
58	2736,802445
13	7907,469448
46	5621,283334
12	13309,74805
47	4661,852922
48	4533,597842
54	5666,003762
55	5550,059042
54	7828,465505
18	9161,531835
108	10499,53685
15	8406,314955
50	4189,981668
52	2681,914885
105	15259,24926
106	14412,08575
12	11471,04387
59	5055,235534
25	11917,03615
107	11688,77191
50	8743,447564
58	6372,416861
108	16290,42465
104	16125,67614
106	15337,62786
101	17720,47542
106	13521,11638
107	11528,97043
49	2728,26732
54	7283,0109
16	11629,20219
101	16843,94348
16	8042,762891
113	14266,36005
19	5860,04699
101	13883,73596
49	5333,883561
15	11463,93241
110	14660,00569
55	3077,756272
12	10776,82052
13	9035,165977
116	17995,92386
17	8373,646365
20	5520,754879
17	9452,119699
17	9842,397503
14	10182,41052
25	11927,71385
60	5001,275958
56	7120,504557
24	11744,31792
56	9692,002161
54	4101,303978
48	6670,384027
57	7694,800961
51	3367,509628
24	12200,55764
19	9320,185492
109	15802,81716
49	5951,654847
56	6237,909497
47	7855,263782
50	6858,046706
101	13252,36162
24	10632,48831
102	12440,68134
107	16487,87228
104	15033,02546
14	13577,82925
51	3561,301462
52	7038,616046
55	7057,722526
21	11381,40888
18	14445,41023
17	10186,82291
16	10796,46485
55	3889,324459
16	11373,30102
21	9453,946215
104	15217,74194
55	5656,417309
52	6637,072749
46	4344,774687
16	5485,122788
104	13275,9623
98	15887,06834
112	14251,46782
56	5260,935442
55	7529,591941
104	13963,31023
111	16992,39926
10	10991,4523
111	11541,42276
27	9404,123848
18	10290,87876
104	14376,26977
50	4353,865521
19	9036,974022
112	14664,36371
106	14511,10796
12	11699,65346
59	7150,755485
12	9740,981208
18	9928,726083
107	16229,47032
48	2847,116361
53	6170,859013
62	2562,279283
51	3442,443325
24	8084,93398
17	6796,488567
18	9770,670518
21	6617,442769
114	14644,15419
63	936,295924
20	9198,368784
53	5599,160523
14	12009,56906
101	15545,69747
98	12929,68685
103	14922,66168
59	6101,264738
22	5338,247377
59	7477,432072
23	7375,882749
49	5532,574904
55	2233,656971
98	12247,22748
12	9098,497067
13	11644,30744
17	8684,541497
46	4676,034435
48	6564,262835
103	11824,6737
112	13015,50937
114	17416,36989
53	4219,151169
112	13456,25292
11	10302,29226
47	8283,027389
104	12240,33053
102	17108,19235
52	5503,790272
16	11594,10319
51	3514,983253
56	7947,813921
16	12212,31383
51	6024,962256
103	15624,65329
49	8195,263557
50	7793,913805
52	5339,677325
52	5504,919156
110	12368,62887
19	11579,6369
101	12906,92233
102	12456,53666
18	5313,548342
110	17567,49953
58	5473,532823
54	2661,660589
55	5886,51738
112	14320,14936
106	14290,66993
106	17939,4677
56	6559,179585
52	605,973818
108	17720,64456
13	12097,06168
55	6731,404142
114	12816,97073
107	17311,77908
16	9443,365735
17	10049,58823
108	13615,64919
19	13926,61739
48	5815,219063
54	4647,204821
58	4287,512973
109	11441,11911
103	16327,75049
19	10185,22027
103	13506,45397
53	3746,398384
55	5888,760266
54	5663,270223
110	15503,60463
9	9941,912613
51	3197,641653
106	14602,78704
21	9627,651085
57	7038,389293
22	7291,050674
111	18023,29506
22	8560,738681
56	3939,828605
21	9176,405135
58	8409,355019
56	6450,18188
58	3882,464904
113	12490,0119
14	9938,993
12	7810,682327
106	17807,6445
54	5010,029573
24	9717,509195
52	9126,698342
17	5940,296966
50	3736,07666
107	15592,24611
18	13102,33363
14	8514,146514
111	14449,80681
50	3007,405856
50	4229,143326
50	4923,197605
52	4379,122259
52	6132,588287
61	8715,415181
53	6581,391282
13	7874,202844
58	6757,59162
60	3565,466262
105	15359,29155
59	4168,382864
17	10389,53262
18	9930,814149
101	14934,17715
53	8375,493193
19	10407,9848
50	8980,896269
106	10513,15484
22	12105,6816
55	6777,5551
54	3224,631583
10	9602,448594
13	8415,354532
20	13446,92052
105	15731,39784
48	5205,759406
17	10853,93015
108	11447,67901
102	14061,34383
111	13688,94153
109	14814,75405
56	7672,045058
60	1647,396061
108	10221,14113
21	12599,09828
113	16596,24243
57	6133,077633
108	13304,07116
100	13374,88252
11	9881,640085
58	7591,128655
58	4481,548837
116	13942,19044
22	12818,93986
53	3391,727111
24	9521,049984
21	7202,301351
22	9131,514816
106	13785,06905
50	1332,015377
109	15575,64941
18	10295,84798
56	6212,2685
52	6341,920791
55	5829,946508
16	11249,34581
48	2170,592823
52	5204,306589
18	11013,33664
18	7195,089061
111	13149,52218
51	6322,721872
16	7216,529791
50	4235,559721
21	9071,85997
54	6274,825148
58	1952,601035
11	12671,08592
16	11412,56765
55	8329,781553
105	14263,09238
56	2641,251278
108	10553,14625
21	11568,31483
17	6270,563384
109	16555,70394
22	8822,575787
47	1539,67885
21	6346,659499
8	9069,881134
105	15824,83749
104	15207,2012
55	4267,376578
20	10814,98676
14	9058,243422
19	10832,30131
20	8423,369608
61	1569,269064
110	12302,24972
109	13132,22789
55	7402,885125
59	3917,593414
47	5239,72518
57	7520,149725
14	12314,97508
107	16523,49963
107	11975,13933
14	13382,94359
106	14123,95419
61	7390,923715
109	12197,04416
107	13437,17568
108	18246,63672
54	2117,569056
22	7569,540443
55	5559,634415
55	3947,797899
50	3158,861901
110	14799,19295
105	10145,84843
17	8758,8919
26	7698,4259
108	12188,69781
53	9022,957055
110	14728,66841
17	10382,58183
21	8904,925209
14	13220,53674
61	2423,510381
57	5279,57295
54	6273,406317
102	17317,42027
105	15005,27757
54	810,165536
15	7001,984477
108	10415,54394
52	3319,162946
49	4388,774695
18	10802,37808
21	8030,028686
53	4032,683573
97	13762,66882
15	5787,531098
17	14015,16358
15	12159,66596
50	6752,466493
59	4225,585601
51	6170,120788
50	6428,627773
23	11358,37552
114	18244,49272
108	13153,70304
53	6213,078971
55	5297,150939
56	5072,270888
23	8667,88846
57	8901,388629
108	16754,88186
101	11942,40625
19	10858,03563
10	11515,94084
52	5762,293302
110	13453,16947
18	11277,24577
18	9143,889453
110	16441,57357
18	7769,074969
15	7423,15738
58	5358,962679
21	9174,712657
52	5078,54806
25	7481,598334
16	8164,911917
14	10245,85695
102	15061,21867
23	11225,78674
52	6163,421532
16	9639,963944
101	17079,21427
63	4310,19453
105	16865,86141
111	15542,43292
60	1770,927158
20	9264,812176
19	11301,97448
24	8036,238004
57	6034,733058
110	11606,73312
108	14901,1159
17	12438,40195
55	2535,507322
53	2095,823704
107	13364,89827
16	13265,8225
22	5437,917596
105	15510,29515
109	12861,90748
47	3706,031104
112	12870,78921
14	9826,980034
15	12492,64082
110	12978,06467
25	7936,304378
22	10791,36034
103	11582,64708
99	10965,39921
107	14527,57596
58	5231,147419
18	9557,480217
15	11760,41117
103	13068,44026
108	16663,47869
50	594,17602
54	6994,480084
105	15187,46474
53	6842,342494
17	13240,89351
53	2651,320317
101	13260,73089
55	5260,677025
52	1276,210573
59	656,619168
104	11268,03826
14	13096,79928
17	11371,53774
105	14752,2817
55	5791,924947
57	6307,140259
108	10561,34647
106	11082,88278
107	11216,50061
100	13456,19247
55	6300,693802
18	10914,64784
99	16244,83907
18	8994,854063
59	6887,500519
19	10437,31037
109	16968,44511
109	14956,5539
19	8799,683937
60	5318,892747
55	3079,799987
15	6864,281121
18	9139,158442
18	9872,626183
57	2827,701384
101	13290,22221
106	11760,62423
45	9033,91544
114	9695,301948
16	6342,124945
49	4089,30908
104	17097,18155
16	9332,65755
110	12862,79619
56	3519,805615
24	7078,695807
101	14979,24014
53	6824,874141
47	7590,28645
108	17535,36838
105	13237,76679
23	10655,62113
113	15475,49704
47	9326,652753
57	1240,623851
19	8396,382471
50	2577,460958
54	1310,551552
104	11991,00146
61	4584,088473
106	12885,91872
56	2891,079347
59	2947,909256
52	7401,389762
107	14375,35365
19	13650,26669
53	5968,41719
107	17747,86347
58	4554,995385
22	7480,857949
101	16295,6302
14	11301,13886
13	8163,206548
113	11550,60535
49	9142,008829
57	5506,340329
60	3835,486218
106	11452,60303
56	6577,258092
100	13862,36767
103	13590,92143
54	4878,427501
57	7808,642418
53	4361,040407
106	14375,41559
63	723,763124
53	3110,379283
18	9224,406837
46	1275,880443
15	11198,24742
25	13373,4498
56	5616,209932
107	13189,67435
102	15941,40448
108	14405,78046
104	11772,97107
21	7319,46875
106	13427,95591
59	2196,966147
56	4463,018483
113	17007,94792
23	10557,44658
20	6458,324682
19	14172,92018
13	9889,120803
112	12230,05037
21	7203,425762
53	6427,644308
19	8451,24315
26	12111,84444
26	7225,057378
103	15274,30069
11	13567,27685
50	5915,534275
48	4451,637969
49	5567,270167
103	12430,53247
22	7725,946801
50	1591,325867
54	8126,422266
26	6483,78726
55	4246,726931
15	10332,90693
106	12660,77578
103	11027,14451
54	6332,969952
26	9488,673972
51	800,902737
18	10384,97342
58	6654,479409
109	13195,16527
56	4608,692112
45	8352,016474
108	12233,21294
110	11307,51778
51	3853,383548
105	14903,87062
54	6876,659835
113	13316,67302
60	1549,973202
102	11541,96462
106	10280,14033
15	7119,908877
108	18059,63377
20	12664,17313
55	6240,658029
18	10596,42373
58	4679,813327
57	7380,074277
99	14003,4586
105	13973,09687
108	13988,31367
51	6410,131538
51	6339,078493
53	7685,305364
54	1614,676659
51	5793,983286
110	11623,72561
109	14883,18017
47	5061,822392
15	11211,49584
54	3534,689724
105	11813,40861
54	5365,580575
48	424,182768
51	7490,122447
8	8399,07727
105	17407,42302
103	14702,22575
51	5050,962863
107	15592,14419
19	10351,00368
15	9936,372906
107	13825,52101
21	11119,01784
102	14566,36899
10	11944,87291
17	7330,810572
47	7324,390364
15	8654,09479
52	3896,879872
21	6454,884457
102	11562,82109
17	8189,615312
19	10438,85361
23	10743,76771
106	12374,94629
21	9645,865876
98	12854,0109
62	6684,828109
54	7966,461771
14	8421,532171
60	3131,561148
18	9572,212375
113	13629,94544
17	6624,96068
11	11139,92401
108	11599,96494
22	8514,016499
58	6762,89197
19	9939,953127
107	13369,47384
26	10710,9353
52	6850,084626
22	11098,89882
102	17841,06323
18	10048,94928
23	10184,63051
106	14060,404
106	12897,39662
17	9810,677333
16	12947,789
57	5085,069934
103	17986,0557
18	10030,21212
18	10404,81726
19	13304,19431
56	4987,654532
22	7360,646102
12	10205,69181
12	8717,038588
106	15000,0859
48	6169,377559
52	2828,613618
59	3871,507032
55	6899,3843
16	8546,480599
22	8466,561832
14	12817,66541
50	3461,127269
23	9082,983408
104	16386,75422
106	12800,57849
55	2129,360577
53	5042,375593
108	12924,60342
59	4945,80464
107	13296,27978
54	3283,447132
9	9782,164454
61	6251,573005
53	5672,45385
19	7817,225042
16	8066,447166
15	10652,43393
103	12525,65654
56	7037,141352
61	5831,498018
53	5962,971592
113	15886,84298
55	3153,090549
106	12851,38187
61	7498,313115
108	14099,1802
47	8945,689412
98	15610,72334
112	12849,4747
109	15018,81341
103	15007,95428
26	13243,01351
106	13160,63763
9	11053,34152
17	7160,564873
49	5720,332352
101	13496,7637
11	12317,29669
17	11216,0038
105	13438,64266
110	13609,97395
19	9687,628286
15	10705,41508
23	12899,6513
13	7285,92544
104	16489,61055
52	884,990031
110	15359,74233
17	7465,220472
16	6397,299773
50	4625,444408
54	2958,118896
20	12629,11453
47	4316,550692
25	7908,382129
52	4904,556573
104	14186,90896
12	6713,58492
56	5390,065469
105	12856,67929
17	10685,98773
102	16668,53992
20	11508,25749
107	17116,2413
55	1420,964308
14	11212,94001
104	13482,60239
54	6545,802067
16	11762,89033
23	5347,25043
59	4469,404451
107	14551,22004
16	7779,692101
104	10742,66946
10	9024,039357
59	3467,298752
18	9622,667455
20	10190,2055
103	15625,88852
47	9299,746772
14	9065,71405
54	5449,200559
112	12587,33063
53	5187,961684
107	16673,06634
109	13739,58174
48	4139,270977
16	10992,30556
16	10198,85656
104	12383,44418
49	4856,752337
12	10838,51202
51	5332,406998
106	16354,14482
109	14064,15926
18	7942,576016
22	6721,762478
102	13882,30106
54	2863,71927
104	12077,3612
53	7611,869896
45	4281,460392
105	16810,08383
109	17233,65054
20	10519,69972
108	15167,7228
54	2436,968824
18	8902,803806
14	13804,07835
102	12511,47371
105	12485,71369
17	5824,859294
15	12482,94897
15	11187,1997
108	13712,06999
55	4063,335853
18	11509,89322
49	2733,933273
99	16022,34546
17	7452,046634
58	8364,185362
21	13907,78908
15	10794,30072
12	10679,28255
24	8801,107693
12	6777,185256
19	9390,444151
57	3894,097081
106	14336,18201
55	5683,815354
59	3024,823036
54	8903,758143
48	2492,649133
54	3299,599118
23	9020,307449
104	15035,86382
10	9987,860481
14	7497,093793
56	3480,464897
54	7781,519107
48	7720,1905
55	5717,552929
57	4974,968309
110	14024,25235
102	14767,86851
55	3378,308043
16	10060,50384
60	8641,57819
106	12707,39624
61	7120,261353
106	11003,3736
103	9921,544044
109	11554,24905
57	2262,61322
16	13511,35816
50	1335,442422
54	3394,001751
53	7242,82061
53	6203,059591
106	16926,15976
108	17487,13287
20	11412,48894
105	14542,3698
46	2483,773031
56	4962,451058
99	11584,20691
51	7831,081372
111	13023,34137
20	14058,05908
104	16627,68469
110	14323,51412
114	16023,37615
9	9040,842699
108	12948,37323
109	17004,62039
61	3110,313002
59	5668,19108
14	10818,57157
50	2101,410341
59	5546,265894
9	7279,292755
98	14930,73248
20	8610,135167
25	9519,35713
114	11388,49233
107	18298,10499
52	5905,220559
111	12065,17678
19	5289,028876
11	7737,876063
16	9347,817748
59	398,253602
99	13863,26374
16	11981,47685
51	3537,121689
10	8579,830598
16	10378,53199
115	16015,10865
109	15063,19605
59	4793,918495
111	11530,61326
110	15013,55188
26	10219,43875
56	4034,581621
106	12501,6778
16	9138,018781
106	15783,48775
108	11490,13614
62	3258,066135
15	8813,238053
107	18549,08623
9	11096,1809
50	4847,78671
23	13916,47109
47	4710,537398
55	5248,917161
56	4947,822525
107	17354,53768
54	1698,547118
101	12712,63478
24	11246,39538
12	11692,00789
18	10187,99659
55	5493,105181
13	8730,964425
109	17855,28424
104	11913,3469
106	13171,41431
53	4573,781256
55	8462,727058
108	16302,52119
57	3288,973924
48	6456,391146
14	11818,96556
60	6434,314971
50	4347,192169
60	6466,546328
15	14254,97627
50	2667,154296
56	7768,075193
21	8002,233976
109	17520,69526
104	16478,27853
51	5781,117945
109	13163,69328
52	3325,429905
100	16689,1853
48	4241,619117
105	12935,2313
14	5918,7824
101	11269,64912
49	6817,051709
50	7821,688435
16	7508,891534
104	12185,81907
56	4652,225163
105	14591,43615
22	11953,44406
111	18227,50114
11	7605,121888
55	5980,485008
55	7513,576929
60	8197,070344
107	12730,13465
106	11496,5296
51	8412,119889
18	9769,951404
59	5506,533535
104	15274,03264
105	12325,90784
111	15272,17989
107	12195,85934
16	13877,47722
109	13266,1742
22	6787,368428
22	10005,4895
54	3373,242457
105	16859,26534
112	15288,40835
60	4254,724148
19	5882,377274
104	13269,89842
106	13608,36336
55	4989,459216
105	15580,48865
57	7951,034882
51	2630,795635
21	12226,83052
54	4539,913659
54	3085,082321
105	17558,06241
102	13495,52695
51	1830,730724
22	10940,89785
60	4252,189777
61	5267,17741
23	10045,40187
101	9230,161376
98	12609,38162
105	15304,27294
14	9315,667678
107	16167,07167
55	2650,285235
16	9833,061478
107	17362,18961
9	9123,65372
55	1394,108608
13	9809,708427
52	7285,561565
18	6676,459219
57	5820,231279
19	5598,156155
17	12603,9567
18	11631,19235
114	11808,81652
100	15520,89977
14	11272,76615
49	6574,226447
16	11874,42777
112	11638,51422
55	1712,406018
109	10879,51316
102	13647,04919
51	6278,238385
23	12713,31455
55	8503,928097
48	9052,695105
57	7874,327214
56	3528,411612
19	13408,31575
9	7269,643864
59	3998,832776
13	9955,816894
109	15575,43882
111	13294,76648
53	6483,886542
23	12827,40866
57	2894,00604
107	13201,78773
17	12159,08583
15	11453,35132
114	12805,62893
103	12408,28224
51	3599,88991
110	11020,02353
106	14978,25363
17	10020,69091
22	10647,01564
10	8981,058086
110	14360,4804
11	11759,31896
107	11766,40376
47	3507,528138
54	7161,453777
14	9594,419666
14	10497,73195
19	10490,62134
23	9669,50163
52	4252,745736
22	10785,96876
15	7754,570564
59	6179,355152
59	3667,624908
57	4142,285007
23	12966,7033
47	6998,164736
14	8650,348742
113	12570,75713
109	12520,96496
53	5733,787591
54	698,411872
52	636,20007
108	13028,02033
58	4576,212471
16	12904,67517
46	2819,440254
112	13352,1551
47	8494,590589
101	15465,79951
61	6541,5382
50	5888,825762
103	12090,06489
53	4295,407931
20	10728,71781
56	7578,547156
17	9201,349345
55	7570,697805
12	9436,018132
19	6408,39774
57	2935,108946
107	12979,14439
106	17407,17744
23	14489,55886
55	2567,659392
61	7176,986491
116	13280,30266
19	8976,740237
58	6289,178118
51	1483,486722
23	10284,90962
23	9432,865369
98	12527,43452
12	7972,290436
20	7608,158206
113	15381,9111
51	1698,97432
22	10489,89241
12	13327,81625
105	14097,96909
55	4355,148913
24	11402,97902
107	12973,07671
107	15136,83598
25	11362,26374
57	7142,160997
15	12975,89193
55	8333,058478
15	10176,36428
12	12749,63135
55	5284,275767
114	16693,33323
14	7743,07773
53	5179,590825
54	6397,155084
111	10994,77457
55	3150,140414
114	12514,54651
23	6231,204847
51	5555,376884
54	3370,829716
46	3053,826035
20	9649,30491
53	6272,434709
47	570,77428
50	5250,935863
22	13497,27236
62	7675,340842
107	16011,48501
103	13754,05538
50	2676,98331
62	6948,550447
13	10219,73101
12	13134,78807
24	7240,380615
19	8146,987647
57	4324,536357
23	12527,76439
52	4915,906003
17	12686,236
60	7298,663955
112	14136,89089
58	4740,766455
60	7495,686612
50	4100,10105
114	13600,98845
15	9810,442834
10	6743,813244
58	2807,474766
18	9014,276948
57	6529,36692
14	10709,11544
53	4283,856966
108	12181,1445
10	11780,34503
52	1625,007249
106	9253,103685
16	8983,563747
107	14121,49401
49	4583,221344
63	1254,70565
16	6050,790388
60	7113,02657
56	2187,731885
57	7788,896316
60	7004,101493
9	9659,48671
102	16760,71815
59	6226,644726
50	4078,975065
108	10529,58628
12	9114,685686
46	8054,424914
52	3573,429504
106	10460,26275
12	9799,39443
18	10507,2078
15	13015,76037
102	13073,07254
59	5010,941916
51	3540,764772
110	14215,17559
56	5865,086379
13	8674,104488
59	7377,998578
21	6503,038559
8	9945,922438
18	10700,49062
21	9544,754128
52	5231,64512
107	15418,99695
101	11575,54804
99	15734,77571
105	13173,18814
109	14549,67467
53	7021,48179
53	7744,698322
104	14064,4491
99	12630,50785
103	14894,91848
56	5320,247886
20	10131,34093
21	9310,567152
103	13602,30263
59	5334,838513
110	14587,98475
45	4826,710378
109	12245,61319
21	8227,276167
16	13309,32579
18	8778,341025
105	13824,59019
56	2311,743559
49	5881,333667
53	1699,849837
19	9961,228164
16	10296,43418
109	15341,52393
110	14700,55494
17	11449,29064
111	14401,16213
24	8624,65933
48	5405,962223
19	9651,977056
47	3543,23723
13	6286,918908
47	6415,156834
57	6695,077335
61	5180,374607
112	10335,34775
21	7495,731301
112	15937,6087
52	1849,328204
24	12395,76319
101	11935,98715
21	6645,386126
23	11130,62687
110	11604,31195
55	6458,905839
109	13990,37182
109	13809,39888
13	9901,160611
15	10288,50516
56	4970,67456
18	11451,49146
101	15283,0019
14	7862,027316
113	11178,06849
50	7196,342108
50	6673,661959
54	8157,014971
112	15803,28516
23	10152,80087
113	11420,65508
54	5040,769617
16	11685,24004
102	15585,73194
12	10489,25181
99	16915,73883
50	5646,325107
49	1392,571905
58	5466,253204
18	13618,41959
16	7480,579193
17	13555,26979
106	15476,27098
15	10826,27357
11	13030,62368
61	2895,201369
104	16130,44241
17	9788,385587
23	12912,63948
45	9781,062429
21	11236,47098
15	11170,55872
23	9238,762239
17	10484,73559
17	10708,90783
53	2083,38214
56	4269,270217
100	11002,48605
104	16822,61235
55	6499,33084
115	13918,86632
50	8824,914909
52	7527,809473
100	11788,248
105	13449,27542
21	11858,40566
17	9080,785432
114	12182,74133
48	4816,661239
55	5110,47237
107	12452,84206
56	4243,133892
102	16235,21727
53	4883,006
108	16555,22399
106	15706,69582
111	12778,99447
52	4394,315554
54	4652,279947
110	11954,4244
58	3531,996385
110	14111,15126
101	13836,4124
19	10938,22196
13	10777,24433
54	5611,121394
10	10006,50289
20	5695,316841
44	3862,962205
54	1403,548139
20	10352,61748
45	4884,440967
24	11258,91802
57	6775,990018
57	3584,943897
12	6477,899519
54	1229,430146
56	4307,591182
57	5763,218679
109	11585,59841
17	7752,07537
21	10821,57214
12	10296,48266
49	2961,486795
107	14767,11813
14	6404,055275
49	9461,617067
49	7680,702097
100	11776,82834
14	12143,26285
47	945,133152
13	9672,444851
115	18572,71018
23	7236,308155
23	9141,644998
57	1796,252094
25	6743,387956
108	16969,36282
20	7009,415699
99	15445,84917
55	818,231427
106	9688,8667
108	15818,8009
21	8974,309413
104	14440,30699
104	16147,2221
100	15700,9635
55	7779,449004
15	7033,685303
111	12552,77777
110	16168,01347
109	12243,53502
57	2230,537922
15	8129,036076
15	11801,51384
15	10232,68622
102	13148,21594
13	12643,56002
17	10634,51683
113	13780,01522
24	11620,50099
54	7329,265314
53	8123,496843
17	10745,33763
8	8514,285387
56	6893,069605
111	17858,7782
51	3440,665204
13	9977,332489
100	17342,84992
57	5717,884954
54	5349,728309
17	9224,64902
110	18316,32832
13	7732,21033
16	8649,525158
109	17544,32643
18	8942,314236
53	5020,36824
111	14646,00613
16	9123,488366
112	12602,53548
57	4024,45496
27	10443,31308
108	12130,53003
104	18110,90077
17	9277,477739
18	7158,288325
116	14175,90738
104	13615,47721
108	13546,71512
22	8963,029032
17	8142,874439
16	8231,707801
16	7649,365057
106	16339,63908
107	14212,10786
58	4327,679614
59	9374,536331
58	2954,819742
108	10225,91571
56	8195,22913
101	13604,37329
21	13225,73436
53	8720,014014
54	6857,256074
15	9205,42504
25	10079,09648
20	8297,702019
102	15147,77163
108	13315,56112
54	3094,636863
16	6898,051513
106	13482,75491
20	10392,84754
51	5557,344437
59	7169,066676
108	16457,07694
49	2674,019657
19	12247,44294
11	8763,24485
17	10549,91305
11	6026,671137
104	12899,12753
57	5314,022564
26	10333,98749
108	18259,22634
50	831,47482
105	14466,59106
108	10302,35716
23	11568,06502
108	14853,60177
17	11157,48543
54	7285,679525
59	4601,471093
55	6336,807533
25	12596,05117
111	15304,79937
105	13191,81585
18	9848,004339
53	3539,46343
61	5982,082867
100	14953,13767
59	4679,051873
108	18301,00385
57	4217,985871
115	13751,87111
56	5913,253433
10	10427,39155
56	7571,199294
19	11216,67662
56	6148,030139
102	11715,54606
110	11612,70216
105	18282,09413
51	3827,256671
110	13878,92233
23	10433,93649
17	13249,61422
50	6601,50399
110	11525,08192
18	7174,671377
23	7385,494688
105	13199,12455
111	12974,60835
18	10535,07078
113	18098,74948
61	5713,60243
61	4716,480638
53	1342,541227
54	4451,102776
10	10367,35123
109	13110,48162
109	11795,05037
23	9626,101786
21	11817,75829
101	14335,14713
24	12868,81063
106	13424,80754
55	6728,44891
104	11868,64532
21	8957,253716
53	3567,857796
17	8816,786973
55	3647,419517
17	10063,10489
54	4801,246107
55	4960,38632
20	10864,76133
58	4038,581636
13	8803,483985
21	8261,646812
100	12683,24303
63	7009,499417
109	16152,9465
102	15252,76936
103	10880,13076
24	11117,23142
51	7698,592669
101	13116,96538
111	16101,65844
51	4837,340532
19	10095,69086
17	8730,910565
53	3517,378884
18	8121,886905
16	7207,20236
57	3265,494199
57	4774,604958
20	8735,71384
50	3727,595692
101	15706,84916
52	6317,464986
110	13813,76496
59	5269,143517
56	6255,602495
56	4333,986178
58	1574,911955
113	10918,46619
18	6640,573854
102	12605,38577
103	14960,00443
19	8898,513538
45	6624,356281
107	13243,55408
58	4857,136889
27	12526,4235
9	10875,85215
110	15783,05799
52	6494,384246
16	8261,411384
56	2791,876711
47	5454,007655
54	7123,360773
16	12013,98577
112	15701,80771
56	6319,310263
57	2210,692534
110	14382,89102
103	14850,24458
104	11331,21036
55	4329,481133
105	15734,15868
107	17978,06016
15	8729,608627
60	4010,558212
105	13753,91416
21	9020,055155
12	12281,2701
109	16634,7132
16	9238,556927
19	12766,76473
107	14953,66496
102	14201,16232
14	11983,77211
108	14952,98898
106	12214,48843
104	15906,96878
104	17392,22289
58	2603,278556
112	11009,54699
105	13584,30688
57	6347,822459
109	16070,36905
105	16543,63295
105	14275,10358
18	9013,136663
59	4890,500125
57	6312,266997
54	6683,846202
52	3859,782188
23	6958,976956
114	11524,50855
59	2329,230084
17	12135,90323
12	11374,30401
16	10592,7838
20	5892,070024
16	10759,89357
25	10980,39174
18	12701,02481
18	11750,29309
13	7848,241085
14	8847,934553
61	4269,367788
102	16064,42048
10	6819,505423
53	4870,599186
47	3388,973982
52	2493,053327
104	11545,91806
59	4082,183621
109	15873,32197
110	11706,99955
56	6169,746524
106	16542,28983
107	15443,46409
109	16733,36316
114	16115,92798
99	11197,63434
53	3089,805745
51	3659,856629
51	2965,629477
56	7104,773099
106	13100,11636
50	4783,019618
48	5807,109589
54	3829,589164
109	11557,40999
55	4987,056032
48	6265,315662
106	11012,51255
53	1970,223684
14	11859,12112
104	13019,86986
103	9858,393514
26	8634,751747
24	12873,10854
54	4765,712005
109	15991,29224
47	1117,289914
17	13149,5329
46	7864,542896
103	14210,68557
110	13620,49497
54	7258,980834
106	15263,31028
51	4727,151655
62	5789,558201
109	12040,69697
14	9040,954279
103	13353,13737
54	3956,993375
58	2067,678444
49	7666,984712
19	8619,004859
55	1272,49541
110	13870,52399
109	14389,31379
109	16033,67575
21	8289,748794
113	12519,88356
55	4740,657163
103	16360,66317
52	4110,045414
102	17424,79236
107	12575,25148
103	12287,72106
101	14872,79449
101	11742,1251
105	11281,59338
21	11584,1276
104	16531,34828
55	2318,281945
54	5604,586689
26	12860,15334
19	10848,09872
59	4151,196654
111	14716,0463
106	12768,88477
113	15839,4252
20	9226,639827
102	15373,24311
16	7666,485388
21	8007,786609
14	6343,482878
60	3552,144839
106	17049,69148
20	8435,950901
57	7462,82932
19	11276,46045
100	12648,72145
19	11963,67258
23	5047,560423
54	6287,597489
59	7297,786193
51	9541,051334
52	7011,806441
56	4595,874279
100	17349,29237
18	8975,026354
101	15757,43611
103	12555,57917
57	2983,009406
16	10569,74763
52	7631,416209
54	4880,712036
52	7466,631949
16	12193,58041
98	14538,57898
25	9607,072755
61	5162,32629
16	9650,037933
50	7670,926612
15	10645,78978
24	7801,379143
20	7910,158625
59	4751,390193
53	5029,418349
22	11210,72579
58	8743,190296
51	5640,243676
111	13835,05431
20	5667,466103
20	5972,822078
12	8995,308473
14	9026,643728
99	14104,23142
20	8723,408577
103	11831,98323
99	15004,76405
15	5129,050933
113	14215,36613
52	6142,277065
57	5321,458744
105	17656,57959
106	14960,67366
104	10786,23852
12	6198,959702
108	15799,60223
15	7227,25274
10	11976,17362
107	13222,9569
103	12717,60169
22	8957,288478
53	3886,02327
50	2875,013376
52	3773,386245
55	2804,829273
19	9047,255707
55	3437,854501
23	12963,20248
15	11962,32631
101	16780,61758
19	12322,98353
109	14922,8036
14	10156,32272
54	3272,335671
109	13868,04641
22	10575,2136
114	14605,30915
14	12354,65328
18	9772,292101
50	3115,282157
104	14048,11075
111	14582,16475
51	4826,917519
98	11797,51405
22	10494,71443
101	13134,46456
15	9935,24879
115	12017,53922
54	5206,59562
56	5564,080943
56	2745,088824
112	17004,0576
13	8948,955515
15	10173,63753
17	8147,445249
13	10671,21368
57	3312,989313
58	4545,704223
56	2938,930437
17	13244,74881
47	2482,242361
13	7151,815361
111	15473,72063
57	3762,991971
16	11366,15211
58	5916,406696
104	10864,53529
51	3242,732567
104	14706,94828
13	9873,740479
101	14957,84353
109	14692,26012
57	8261,358713
54	3265,509421
52	3022,470972
55	5016,781918
18	8356,066301
18	11172,62762
20	8489,73001
17	9559,880555
13	11697,89352
99	11483,56186
111	12968,3956
22	12567,80391
110	14143,77936
102	15787,70589
59	7656,542172
104	16481,96079
22	8485,420502
55	6459,996503
55	5006,762445
111	12963,75623
48	3595,724986
111	13460,68418
108	10247,91587
51	3564,351767
105	12204,47063
107	17068,65946
100	13502,29512
108	14976,78615
23	10729,8472
18	10773,89096
19	10205,87693
54	6688,405184
108	15134,34164
12	10293,98508
54	4042,244107
51	3154,757288
11	11654,22741
15	6386,963541
23	12018,11701
25	9780,417015
54	7483,575576
59	5022,957848
109	13028,37812
18	11817,69145
17	12277,72888
113	11460,13261
53	4875,097385
56	2135,884149
20	13023,64202
17	8974,204963
101	10640,33722
17	9356,438089
109	16376,69336
20	9961,735089
16	8268,72897
62	6808,020712
49	3842,407941
18	12854,1183
18	10755,34236
104	12290,63645
46	7373,264015
17	13575,35718
105	12145,86128
53	4546,731663
10	5798,820876
17	7439,263974
13	8990,377921
53	7404,549006
16	9306,686915
102	11871,33825
106	10112,01238
58	7968,490457
50	758,869085
104	16414,94926
21	10234,59105
46	4660,464206
23	10625,49098
15	12021,79316
102	14342,27783
116	14233,75928
24	8083,136087
52	3539,058104
63	7747,512526
105	15505,83406
103	16601,04056
98	13512,51259
46	3563,085789
106	13421,00786
20	8403,161184
52	6841,349652
111	12397,46262
12	11859,61444
54	7092,203212
102	10766,08518
103	12636,74497
49	1896,719065
20	8399,490328
100	10493,03863
22	8664,786215
18	11653,6623
11	10930,36046
53	6847,857301
51	4417,396181
52	4509,765365
16	13358,67242
13	12023,06727
16	10292,27025
105	17849,32464
98	12178,22812
21	7216,031223
104	14354,40238
12	10608,8304
61	1964,643825
103	13236,61514
55	6292,429752
23	9160,901749
14	12620,33384
14	8333,90258
52	2220,064671
105	15575,99466
20	11377,82258
102	17115,06903
61	2659,755682
24	10199,10912
11	14131,27144
58	9071,849819
106	12694,23764
109	14996,95136
14	10483,26534
104	15658,0576
107	12876,1453
104	16542,92575
19	9974,835653
22	9562,473367
26	14361,226
58	5359,830713
14	7187,813958
57	4515,029683
110	15578,25054
10	9149,371495
48	6237,156981
53	3798,073473
106	10776,53417
49	2857,853885
19	12863,575
55	3831,579179
51	4929,715049
21	6497,534173
56	3688,830086
14	6192,541317
110	16103,38186
15	8162,337128
47	7408,480122
112	15222,6519
59	5989,630638
14	10637,43667
20	8963,833652
23	9892,49005
17	12742,57793
109	13720,98222
13	13516,31303
100	14163,0029
53	7385,827614
18	9558,330834
55	3539,805311
59	6488,525222
53	1982,975964
104	10627,55052
20	9499,246471
54	8359,93434
53	3595,886824
15	7769,75517
109	17181,94192
103	11131,54946
106	17911,52011
110	13380,92457
56	514,089074
51	4149,95682
98	14054,61393
16	12624,77037
58	1831,488551
104	14141,04448
107	13601,45463
115	13593,51121
54	7032,435088
21	14455,09506
108	14821,09806
100	18051,6067
50	5209,174227
54	7913,541947
55	3626,088007
18	14097,64324
56	4536,373105
58	4063,187451
106	11624,9457
17	8032,531287
22	8189,844096
22	8119,681946
56	2241,774252
17	14111,53967
104	12318,30217
99	14790,77974
16	9700,015721
48	5747,296124
47	2733,142239
20	6431,489689
12	9716,519173
15	8335,71439
56	5383,591783
18	8916,689069
24	8745,035282
14	10101,90372
52	3817,930039
60	9047,164345
110	11944,19774
111	9306,378875
63	4477,797244
18	9343,517237
19	6508,712866
107	15726,81037
21	11683,29967
22	10998,0521
108	12966,2371
19	9219,153974
107	14575,67298
48	6074,784811
54	4252,790749
18	13426,04422
18	9229,205807
25	11357,40134
17	10091,99697
17	10070,615
106	13727,29883
58	4552,682078
56	5200,668438
53	2890,543505
106	16202,04813
107	14710,98119
53	7287,738247
19	7051,558774
50	8299,82412
54	3105,193115
108	13988,45358
112	12230,14133
106	10601,45731
56	6313,567991
15	9552,999008
106	16562,81534
59	3340,643981
17	12225,04417
113	16184,21504
108	16083,26323
107	14759,73629
99	11673,39875
12	9416,921318
102	14820,9548
55	2841,437019
19	9259,041893
58	3254,765632
21	10379,22583
55	4248,436002
104	12261,83362
50	4615,794847
10	5566,328995
15	11971,32409
110	14771,66537
56	8399,381622
111	12062,54519
54	5575,243627
61	2501,170752
25	12995,21836
113	10188,09325
104	15345,34975
106	13634,62811
23	6068,216389
52	5811,827434
107	15042,15228
18	7867,948069
21	9865,649331
23	6558,352917
51	5502,286842
108	15428,25384
106	17574,55091
16	13325,03971
109	11167,49952
60	8524,084283
109	13933,02837
106	11657,98405
26	9114,703845
16	8966,866766
113	12565,64547
60	8084,773731
48	4263,338178
112	17354,03426
24	6788,67377
102	10596,9277
25	10954,14913
49	4718,234895
13	10986,894
57	7118,385812
21	7072,94461
16	7898,331093
24	9192,81015
106	16590,76577
103	14759,08964
51	4697,422192
113	13581,8818
113	14531,56925
23	10858,56924
111	9935,654725
17	10490,93637
19	9536,687964
60	4245,327053
110	14480,92351
103	12706,61193
98	15285,98408
104	13986,37663
20	8262,357131
15	10677,27658
108	16129,45196
54	2217,481386
15	8970,008049
103	11560,85308
54	3491,725589
61	8886,964304
109	14844,03532
58	5132,088636
57	1027,940204
108	13652,19231
104	16369,05337
50	7149,29271
23	7308,24199
50	2615,883417
15	8764,779014
53	6954,022
114	17129,22485
19	11913,75946
105	14616,25993
110	14839,06181
52	5592,515863
20	11693,47614
116	18130,39698
18	11344,18906
15	9227,339101
55	4862,523932
17	11313,29043
13	7270,894609
103	14174,19427
103	13459,5701
52	6502,062344
56	8591,461778
13	11793,20765
23	7092,113193
14	13931,2431
53	3683,632382
49	7385,514983
19	6784,708181
58	4374,779669
104	15177,57423
53	2212,314902
107	12404,10338
108	13250,63518
20	12736,53406
99	15586,24858
107	12017,76286
57	2220,999258
49	2140,469167
49	6765,662774
106	14578,20497
106	9963,13975
102	12127,81312
20	9984,35612
104	12704,12427
62	3386,810222
57	1500,465004
110	11680,56489
111	13038,07029
55	6574,007174
18	9858,385624
108	10910,58383
100	11901,7505
51	5209,853342
105	15717,65874
105	15782,44007
57	979,970147
98	16769,83374
17	11373,3582
12	11582,96123
18	7602,186226
54	1725,697114
56	7140,895757
19	8907,187238
17	9803,056256
17	6390,04045
57	6909,809168
46	6950,247024
18	6618,750954
25	7480,191413
107	14266,12022
18	10086,71249
103	15533,33979
9	13699,61605
53	6075,609817
113	12429,72546
51	2170,246359
19	7435,847358
13	7283,990743
49	2414,080116
53	4024,306917
107	16153,00419
105	11145,99213
52	4669,01521
53	3267,149704
109	15748,95416
106	14322,72103
54	5118,113007
106	16439,413
22	9235,794293
16	9561,867294
105	12824,08819
51	6137,956596
60	2133,093745
17	7903,432011
19	6944,165158
54	8352,199342
49	3079,523329
114	11589,13412
23	7340,752489
58	6378,77696
22	9399,865486
111	11826,50586
113	13175,4101
103	16309,57695
51	7781,989369
18	13108,50378
48	6391,585586
16	12170,61755
16	12038,04114
103	10710,99187
18	8176,603249
103	12612,02749
19	10296,13529
108	14939,26136
52	5869,497015
14	14237,56526
54	4399,412671
55	7435,517491
55	3295,962121
111	13461,9503
60	1539,07387
56	1061,595494
57	5406,222417
23	9259,884317
44	2883,909349
19	10526,22256
111	11616,71454
54	4323,441845
14	12270,4731
109	11612,31651
11	13054,21776
114	9745,599502
106	12576,86844
15	8932,52771
22	10508,11278
52	2404,230447
108	17669,37187
46	5329,367645
103	12998,48284
19	10294,41505
53	3764,432554
107	13541,20693
19	10363,74205
111	17648,49633
51	3211,014915
48	5649,746825
58	5176,904785
52	4288,751863
107	12355,1612
51	4703,745262
11	8535,543538
50	2615,198852
58	1450,36402
53	4235,898748
24	7923,936998
55	7246,260109
100	10279,75738
54	6008,710107
110	13450,1088
51	7228,85245
17	11865,16572
13	9003,618534
12	6595,905327
12	8509,349561
10	12967,03421
19	8151,877992
100	12466,82587
60	3515,306358
110	15129,44264
51	4829,842775
15	5311,129295
53	5731,000869
104	14991,87664
101	12150,1298
113	14327,86212
53	8694,06051
18	5776,310244
61	4059,775255
21	9020,85061
109	17523,73731
48	5183,817853
107	15287,23306
110	13738,89645
19	8241,117824
112	15634,69913
17	5234,720217
19	8953,098045
26	9039,240381
106	14608,49445
104	14788,27564
15	8487,946258
23	8006,642126
54	5145,958608
53	1529,998065
46	8748,17644
17	7985,432695
52	6226,33156
106	12799,38294
107	16305,73488
15	10882,74805
107	14157,77449
12	8487,029739
17	10529,53152
104	13452,12022
18	12223,25166
53	973,39955
23	8174,114314
21	11830,53822
21	7392,971565
15	10728,99328
108	12868,55016
54	6539,501236
23	9372,054003
16	11265,19876
50	6320,065646
18	8303,466365
12	11794,97054
53	6945,938678
105	10879,7647
49	7767,667235
56	3606,90875
100	14963,10597
103	16465,51446
101	13770,25723
109	14334,10245
102	16690,0735
111	13911,77136
58	5043,885775
14	8448,055536
53	7272,204056
58	1160,968215
15	8148,52684
22	12943,67898
59	7741,443969
47	2602,977429
24	6112,939793
107	17154,69588
98	15406,04387
26	10978,54494
51	5871,838238
103	12833,73134
106	14514,82758
109	9930,353727
99	11877,59943
107	15939,90465
57	1775,132575
21	13257,85184
54	3261,958287
16	9180,863293
109	12927,0845
109	17066,07672
107	11707,89957
115	13911,56746
50	1598,50177
16	6170,638149
47	3018,716181
22	8669,690787
20	10751,52793
50	4062,874677
55	924,223832
110	11493,27903
22	8863,129935
18	10215,97617
23	10033,8296
110	17063,61629
16	6625,468803
108	10309,26879
15	7763,779148
16	9490,293177
102	14442,00485
108	17957,36268
20	7763,108454
107	15608,25859
110	13977,68595
22	6888,859473
57	4942,898471
49	6934,635256
55	7625,880801
55	5368,65356
112	15257,69502
106	9285,623815
114	18617,47722
59	5512,553836
17	8016,825858
20	8908,188701
53	8156,141552
60	4975,316227
55	6750,813004
59	5726,996867
55	4631,521439
19	9418,74873
16	8120,574916
12	6266,998929
10	13745,33233
20	7471,393896
10	10053,48793
54	2617,606094
57	5890,322034
20	11320,6614
58	3409,411622
50	3157,660089
50	8772,505728
17	9925,85097
57	5816,862166
19	8066,102632
17	11406,84703
109	11642,24995
102	16734,11346
105	14979,14894
23	11500,67162
105	15615,02758
104	14682,34523
45	7611,723149
106	12863,11343
15	12489,5668
46	5990,882481
11	9134,347004
51	6444,131754
108	13470,28534
109	10422,95927
22	12164,74936
111	12106,38148
55	6555,634573
56	5596,955282
18	12447,73403
10	6927,876133
102	15045,09436
105	12733,09404
115	9816,656901
109	16048,2039
103	13847,13006
110	13859,30254
23	9153,916082
56	5327,352998
98	15453,03757
104	9738,500831
21	12309,59264
60	7624,624496
15	11564,49658
115	13338,58269
106	14996,69151
59	4079,619184
21	6385,022939
99	16363,3682
59	5325,197078
61	5546,884036
24	13458,96436
105	14131,25142
19	12336,19609
20	9763,096756
59	3791,870174
18	8268,652292
111	15153,50894
100	16343,84963
108	13783,6829
22	10432,66812
104	15237,55032
61	1890,199322
111	12332,65474
27	8583,720961
59	6760,742103
103	10844,83728
22	7841,873362
20	11111,25996
23	14460,41082
105	15065,67003
54	6815,040612
107	11180,43151
52	7842,670293
53	6825,463318
17	10150,93239
57	8655,382133
102	15228,29286
46	1768,073732
110	12854,23256
61	8277,418036
23	7841,394913
19	8756,8097
56	4820,690226
98	12774,36417
53	5870,644401
19	9832,88884
55	1808,395082
106	12764,04564
61	8055,802407
105	14359,26753
102	9888,828374
113	11161,59262
19	10052,38012
100	10802,26372
100	12384,69629
16	9903,5749
11	10470,89619
20	8778,940234
56	3801,016552
105	14121,13411
51	6069,395149
106	14131,71226
107	13858,22842
55	4375,339491
14	9681,200651
103	12590,77526
105	10402,6777
18	10981,39513
24	9616,43639
61	4054,732237
11	9287,800277
110	11803,90416
59	3181,476597
15	8121,073274
17	8014,007242
104	16765,7993
51	8438,813934
61	3088,092829
21	13569,01158
10	9770,685838
48	941,208147
9	8045,405196
101	12560,12394
48	4176,284856
61	2993,92065
54	5262,163702
62	5279,996564
109	12407,95579
54	2586,533246
52	2397,188154
22	10298,98952
53	7810,99249
15	8145,569441
106	13896,08096
16	8641,903972
23	10703,51605
112	10759,02512
49	5353,898716
103	13884,87903
98	10733,69431
10	8148,209756
55	6149,75395
100	16428,83225
20	9627,567482
25	9121,79946
109	14687,68004
112	12848,85391
105	13981,28258
59	3255,502968
16	13449,12333
105	10379,49376
59	3749,906411
59	1263,596885
55	3424,861626
113	13877,45951
22	9902,780763
9	8464,95259
49	7483,331695
16	9559,219096
14	11661,96566
101	12649,96008
50	5763,920757
56	6323,945988
109	13748,64178
14	10105,94834
16	11758,94571
48	4788,329338
55	4471,589886
97	10782,55542
15	8792,999541
105	12347,93281
21	6159,842373
46	335,596601
116	14078,72567
97	12643,14091
16	7773,930001
101	10164,14775
105	13932,35475
106	15603,9897
51	4487,133735
52	4610,41308
53	2036,985255
14	7136,453823
105	15657,34201
14	12205,35032
109	13027,02891
54	7841,1921
113	11133,54521
19	11766,34375
53	4286,619154
11	5930,161718
100	16922,22412
20	7011,203459
62	1607,420528
45	6929,98073
15	10440,86945
22	6555,60565
53	5662,18695
52	1992,296484
57	2910,710118
53	8151,348352
103	14852,03937
53	3509,603419
105	15234,97699
17	9788,315336
107	13714,11583
15	11908,35014
101	12558,87781
111	17924,68436
62	7227,098304
109	11925,55418
111	12579,506
56	6216,609888
56	3667,474423
111	14270,42779
45	2889,514767
102	14772,47007
101	10477,05778
100	14793,37685
59	4600,768748
107	13926,70018
53	2964,919127
103	13703,01531
112	14857,94677
104	10612,74809
20	6359,741928
110	16664,27284
21	9905,070413
108	16582,9905
17	10284,17009
51	7527,170936
52	8116,926234
13	9635,792795
53	6654,655814
13	11631,58156
52	4422,24776
12	8482,723247
110	12671,30467
108	13756,42875
107	14725,17891
55	6238,683876
18	9211,373342
20	7210,521759
26	7199,951594
109	15557,3774
110	15775,95766
16	12425,60008
12	10508,88813
50	5171,975667
12	10561,78398
16	14114,33127
18	6488,56721
104	14150,95346
53	6622,624406
110	12977,06047
23	13268,51595
112	11065,55746
16	8808,905691
24	10529,42949
17	10328,77622
111	14953,37239
47	6372,512043
53	7906,887258
24	8843,755268
49	1602,884245
106	16990,04408
14	12650,8779
51	4608,48151
104	15569,25785
107	16778,8551
51	3491,529831
99	16189,03177
19	13704,81263
20	8073,209195
63	2720,056008
50	6143,02548
111	15995,84735
54	2555,105594
23	10750,44806
26	7893,29959
25	9809,433127
102	17331,68017
102	13831,26485
19	9623,606894
22	10371,91651
55	3258,994401
103	13353,17503
111	12072,28061
11	7719,459487
53	5847,857465
55	4784,026249
51	7041,892095
109	14799,14786
59	4465,145663
54	4212,42064
60	5111,684439
22	7365,579844
102	12599,33333
57	4209,229332
109	15339,86548
57	8018,200925
109	13674,87728
108	12628,72669
54	6641,613638
106	15275,68907
107	14306,37079
104	15497,72097
21	10689,12693
19	11635,37461
21	9208,035411
112	16907,06563
17	9831,657581
103	15413,1109
106	16709,52835
12	8622,354334
17	8300,814283
53	7309,238077
19	8698,054399
15	6747,048331
23	11490,0744
50	4008,923717
13	11821,84812
23	8159,75734
105	17652,38496
14	11481,37951
58	4848,554397
48	5669,988338
56	3933,258915
19	11399,24143
17	11903,13879
22	9664,830082
24	7914,846849
112	14838,23053
102	15402,61621
110	11353,99111
107	13099,25511
106	14308,4603
52	2740,962887
105	16663,67808
52	3165,392137
112	9545,871897
20	11229,10573
111	15954,93991
23	8765,023144
25	11694,82458
60	3269,403332
111	14042,50067
12	9048,178028
55	4882,798761
15	13541,09219
56	3619,222378
100	15362,35909
106	11952,89957
19	9834,139263
50	5450,769672
106	12589,88632
13	8873,7707
17	12118,07709
106	12572,94037
54	2869,548306
48	3514,261582
108	12821,00247
52	922,878065
105	13826,97784
19	12361,87893
108	12937,16556
19	11383,95691
55	7099,424509
104	14840,1187
108	15189,08775
54	2276,383985
63	6033,126431
26	12248,63849
12	7513,580659
103	14801,13862
50	3960,132712
63	2021,401656
12	12580,87015
24	12997,5226
14	6743,809178
108	16201,49135
50	2714,016307
48	2070,376604
106	15713,19746
10	6247,32539
51	7042,106207
54	851,607557
113	10523,76922
106	12614,18875
14	10055,76405
50	6554,613187
105	9976,46806
55	4987,207615
102	14129,85245
18	13234,87512
53	5037,974543
60	4098,502393
16	9488,707785
19	11574,08652
104	9724,441623
114	13879,11619
54	2307,948938
102	12210,69866
109	14281,74351
18	12155,00988
104	15294,93705
106	12889,92178
60	4332,688761
109	10119,32621
105	13745,59718
20	9735,913258
19	8288,317871
59	4066,922557
98	13180,94725
20	9654,138435
56	4826,038046
107	14110,75559
18	10021,22589
55	5678,711024
52	2850,268123
110	16290,9588
55	6991,35813
13	6570,61489
11	10975,83343
18	9186,257935
99	13731,67774
109	10205,06362
12	13161,52605
108	16046,16041
57	9286,858107
52	3455,936001
108	10864,83433
102	13873,65874
101	14846,73708
114	16097,58599
102	9615,475067
16	8281,468606
53	5909,097717
105	12117,35589
54	7068,617158
53	7064,914822
18	9548,536384
14	10094,49465
57	5143,701156
54	5967,242564
24	6705,857129
56	7083,827326
58	2369,009787
18	9405,111801
104	11406,58811
21	13792,98285
18	10737,20021
16	10743,2722
12	7205,741093
51	6395,489827
23	12980,62958
53	2798,06039
15	6993,763625
59	3539,667417
58	565,181539
16	9312,529314
24	12150,78179
106	14477,70526
59	4603,281314
49	4054,894494
109	16554,37799
109	15793,64603
13	7877,903597
103	15557,37603
21	11341,01852
49	6280,819518
49	3314,812517
100	10702,13093
56	7498,666382
12	8002,880721
17	8133,75413
23	10600,84499
15	8479,637843
58	2161,66731
19	6156,718728
24	6737,573518
22	11860,43597
97	12133,21042
12	9452,720487
12	10310,73476
15	11930,89887
57	7223,53357
52	8871,528051
11	12335,69432
111	13554,89612
55	2729,350592
111	16359,24145
23	6231,399549
112	18767,27237
56	4426,852594
61	6990,794583
56	3071,790366
104	16586,42394
24	8688,504854
106	13359,94683
60	7870,295488
23	5665,268758
103	13461,99343
99	13897,58589
55	7299,008605
106	14494,60469
58	3119,897441
99	14623,0084
52	2904,578091
15	11800,58292
47	5266,979704
20	9240,936126
101	14216,64495
50	5024,406798
56	702,002931
19	6338,419502
112	14043,95597
54	4504,206782
110	14748,56984
15	9564,455317
53	4689,432326
106	14383,58394
106	17215,45612
17	10493,80286
60	5576,04069
56	6604,024005
15	11455,86324
57	1113,202419
52	701,954586
109	10239,57086
55	5813,817996
49	4349,832567
14	10562,71867
102	15476,8737
16	7283,395529
103	12255,39194
112	15038,81908
47	5430,249682
16	12246,31548
55	9488,071486
14	7800,851565
17	10916,42366
14	11411,24633
14	8365,288317
105	14448,77248
21	9322,456978
21	9771,987809
110	15933,0069
110	14897,73213
14	13278,91567
55	4903,389978
48	3648,366116
16	8896,58876
15	8792,56869
50	5258,58101
112	13800,65423
99	12383,64492
111	14704,62119
52	5925,622761
106	13000,58137
103	14004,1033
54	3492,573352
53	6317,225933
111	14016,68189
103	12976,90783
57	225,023905
112	14222,6696
23	11730,31018
108	11348,04349
106	17820,68625
55	6363,143428
17	9888,289403
16	6345,876945
23	11430,22864
53	4602,918669
16	7995,828953
110	16022,43743
16	8976,32695
107	12175,02113
52	5478,558824
107	10088,84034
58	4392,287016
55	4225,843581
12	7723,946678
17	11519,53259
51	8178,22544
107	11741,08271
13	9735,743028
51	2151,17128
19	8610,373714
114	16269,99004
108	13480,92181
110	14537,38409
52	1706,781388
102	17646,43495
56	6380,7342
17	7311,841512
15	10515,4293
107	15951,15404
104	13132,7136
19	10206,73378
20	13087,50747
56	5242,435624
58	2334,419731
16	6912,254548
114	13944,94432
48	4445,350797
59	4136,755833
12	10050,17237
108	12019,70497
54	7076,320327
18	14652,95864
14	10992,122
108	12967,39279
54	8583,247754
15	10972,18796
106	12321,59558
111	14790,09276
47	4208,469339
109	14622,17935
14	8487,387587
51	4008,283403
61	5748,512375
61	1948,260934
54	5091,166154
107	14860,71356
52	6762,644169
107	11501,69333
18	11910,26785
16	10807,25798
57	4447,083646
104	12428,8148
20	8410,43221
19	7239,476092
14	11429,51788
13	8998,462886
106	15806,43562
18	9277,351834
49	3982,49509
17	12387,19496
47	3042,954423
55	4463,91844
106	10213,24952
106	15035,95619
104	16605,99903
51	7001,238604
110	15489,30694
107	14458,3909
59	6548,173566
16	13337,44521
104	11425,38777
52	5749,006589
55	3924,738563
105	17517,47293
108	11786,56794
61	3458,799199
48	5314,634244
54	4322,226828
111	12995,1835
19	8851,973484
55	2819,497299
105	16907,61567
54	5272,23297
106	12049,83098
110	17592,34335
16	13081,71432
108	12792,43968
26	7714,933226
18	12120,56496
21	10666,56028
18	9769,158936
102	12984,81416
110	14198,84592
51	1494,352259
48	4161,155248
55	3320,017141
109	10505,01902
45	5797,795313
101	12421,50668
62	2705,538037
24	10731,64906
54	6315,896992
51	4234,553104
17	9402,078188
52	4390,682397
57	5191,210076
102	14831,10236
106	10944,40421
49	4644,910631
107	14660,84921
15	9271,382444
110	11321,76569
58	4805,826241
100	13950,99037
55	2156,929397
56	7827,650359
22	9547,90317
22	9453,201197
47	1118,93942
16	11154,61576
47	6318,409903
23	7540,876048
19	10489,94462
112	14714,6121
17	12375,99707
16	9078,849758
109	16877,35864
112	12137,41949
19	10636,97059
100	13829,87322
47	2177,515458
107	14656,34526
108	17860,47658
53	4364,483287
19	12806,70097
56	2332,235639
103	10762,49786
102	15270,10366
54	4654,218959
108	16875,65886
23	10348,70887
63	3360,946405
106	15339,06957
19	10638,02652
108	11448,51465
107	15041,44396
53	7175,015215
112	16071,33209
9	6935,498671
105	14729,56482
17	6777,927217
46	4041,322434
23	6349,966436
102	9973,333646
17	11119,56481
14	9734,637917
113	17646,51781
107	11116,73727
51	6873,806718
108	11897,30412
23	11365,63309
20	9774,978598
54	4948,930828
100	12991,6314
58	5908,247997
58	2078,206925
60	6243,229865
52	2884,263714
21	12032,03079
61	5459,474181
54	3275,532688
100	11974,68387
23	6774,591331
51	7275,907543
14	13040,93689
51	4211,258717
100	10846,43198
55	5382,189322
113	15325,92812
104	13059,88609
46	6090,475834
106	16505,78036
58	6277,808789
110	13982,52642
103	13655,38997
110	14577,95892
48	3243,941518
18	7813,144674
57	7782,793551
16	9327,85521
107	11677,22194
53	5776,990468
50	1312,745216
18	12685,9937
114	12718,21154
106	11714,50421
15	5654,408223
54	6595,045671
15	5466,605052
105	14266,68666
56	5132,869755
19	8982,509217
55	5719,384153
48	3136,569034
51	5790,099757
49	6230,883666
18	9867,04683
54	5108,314524
19	10508,97671
48	233,113033
109	15882,59219
20	10735,67342
110	12755,24954
56	7246,427385
11	10676,1077
49	8122,46919
100	15961,48778
108	16161,67483
107	12911,73048
16	10839,47246
109	13801,52382
104	12186,44602
58	3083,691569
16	10736,60368
113	14751,42674
111	16137,67848
51	4130,760923
102	14867,15358
23	11253,12319
103	14470,32941
106	12358,34041
108	14685,36806
54	7423,241503
53	6056,500069
105	9844,182508
55	2998,042234
53	6387,129183
54	7522,901861
103	14446,88891
17	8624,392876
63	4224,207156
63	8494,160792
19	7499,967536
111	13320,7364
49	4422,617748
53	4221,160648
110	14671,42693
20	8562,500096
15	12048,51085
111	13351,62442
103	11444,42421
109	14234,96744
16	8614,284884
61	5467,212981
106	14105,95007
17	10844,03687
54	5529,152423
17	9888,851328
15	7167,395061
56	1359,8227
54	6114,225836
14	10754,44678
22	6307,190956
102	15934,12592
105	13510,34878
60	4655,111051
17	10145,26475
102	15511,67634
22	5417,224888
103	12323,152
108	15756,12425
52	2820,329159
50	5066,170732
19	6053,775249
47	3355,3266
112	14098,49496
18	11733,80361
110	12281,56898
105	13864,67054
59	5855,964287
53	5394,246474
57	6750,801118
22	11791,65634
112	13640,85781
52	8212,422663
19	5999,888302
17	10502,49501
18	10570,65608
52	2227,556289
110	13667,78249
24	9494,858026
52	8425,55248
112	14946,64613
112	16230,52568
10	11208,58729
105	11993,33109
59	3422,125432
108	14914,44407
60	6459,463347
101	11919,74779
21	11717,17117
111	16124,9801
55	7578,072727
108	12149,45741
105	16118,23129
16	12268,17522
113	15341,37662
14	8313,213889
53	4107,080792
9	11698,20949
105	9985,27273
55	3997,55739
21	12996,96754
56	5240,030631
105	16215,48449
52	6322,681782
47	5021,64442
109	10655,78139
21	12087,07412
58	6692,057981
110	12082,08059
61	1373,628109
101	12661,56819
107	13673,11618
112	11944,53252
12	14266,83585
18	11135,33785
55	3900,093961
110	13856,33181
106	16339,91106
49	4317,57791
57	6667,526711
18	10245,35966
62	3970,667462
54	5862,718446
110	16304,65438
10	11543,11719
56	3333,867963
104	15180,03813
113	13389,42293
104	13722,6598
109	10097,27332
17	9466,824173
55	3005,879217
104	11967,98257
10	11216,53387
20	11402,73084
12	11584,66972
112	13904,07818
48	8111,301423
55	7722,452027
20	10323,56895
109	10498,22115
24	10520,49249
53	7191,381073
20	12220,46871
61	2997,983334
15	11154,90567
52	5974,501735
17	10702,49462
51	6751,51676
22	12096,79273
52	7131,128617
57	3810,813596
23	7787,879156
61	5341,811351
108	14225,06982
51	5431,721344
55	8902,711353
102	18092,52331
109	14469,35166
60	5201,021384
58	1236,477511
55	4906,686739
49	6452,232068
51	2547,321241
54	3451,208906
108	10597,3038
15	13468,64434
17	12636,38102
107	11048,21009
110	14146,42578
104	11387,98947
54	7830,016597
11	8088,066442
52	2846,500774
14	10225,86065
110	11523,62685
11	4986,055652
14	6580,028974
55	1230,905645
19	10984,37786
49	955,264283
106	12999,45672
52	2097,033319
56	7771,468006
26	10370,98807
112	16156,43469
54	7897,576171
50	5494,221409
107	15223,40781
57	3178,996795
106	11453,93734
53	4836,35608
106	12375,98769
22	11966,97028
15	12908,87395
51	5707,859761
104	17364,54128
52	6600,883467
17	10427,82633
16	8658,826763
24	9683,163037
111	14112,5616
54	6098,768173
15	11787,67398
107	16037,64836
53	7466,534123
12	7891,827579
14	10737,63783
103	15253,76389
46	5694,47371
20	11490,61013
14	10960,83785
52	6588,458165
17	9894,679059
57	3483,559643
20	6731,515309
105	14717,06458
17	10458,88253
60	2954,996727
17	8452,666245
20	10778,37162
109	13868,51732
57	3229,497784
48	5657,448329
104	16762,41423
109	15430,02602
102	14758,73255
113	15268,84979
51	1023,414463
54	1074,509978
46	5023,015848
53	7958,361932
104	14267,89131
47	1720,142797
14	8504,658663
108	15305,35209
50	7448,931638
13	10272,42548
49	1122,752599
57	1901,551207
49	6581,937117
16	8419,904639
59	3855,850825
100	11445,82157
110	14510,57282
53	3800,316499
55	1698,817864
55	2130,809495
55	4428,011682
61	3191,247689
53	2989,569559
98	13693,26266
52	1179,049342
56	5168,451299
50	3690,597453
53	6643,596106
57	6121,717662
114	13242,58056
57	5873,225468
19	10036,95346
59	8819,414821
21	8634,019187
53	3331,618605
16	7576,497158
17	9100,651309
110	15533,81284
108	14551,61069
23	12684,40793
107	16577,48162
23	7169,641012
55	5084,301871
54	3843,674402
55	6358,103107
53	3054,667773
54	7537,64219
54	7285,681344
54	3029,604032
56	8606,914444
107	16639,4711
107	13030,28934
20	11267,37243
51	5666,291273
55	3646,85268
21	9775,283845
21	9356,78416
52	4767,217563
108	14274,31228
107	14331,34225
52	2540,9217
53	4463,756286
59	9089,348375
13	9500,576993
23	10486,17504
47	4017,336362
23	10054,36253
56	5455,140347
108	13558,43469
25	13718,92024
15	13944,4045
54	6731,581983
100	16928,26821
10	13735,63164
12	12965,52253
17	11839,35913
55	4775,06365
103	15395,68054
50	6636,370509
103	13812,01971
110	12951,55934
110	9963,890084
109	14593,63174
60	8298,585458
61	3585,935678
54	2625,661349
102	14659,43628
61	3049,160811
23	9071,483351
59	4766,672606
52	4789,559762
19	9307,009938
58	3342,999119
17	7619,562056
18	9959,232736
110	16181,4019
17	10134,20564
53	2751,573501
13	10941,04216
59	3282,746483
103	14720,17039
16	11439,95946
23	10655,00497
103	13015,35827
51	3049,562464
108	14876,63982
19	12001,0718
47	4341,896308
23	8521,65093
61	7844,363921
54	2966,953476
102	14556,76307
19	11450,46939
20	5473,436032
55	4213,386533
15	6941,988402
19	11678,2082
13	7968,352978
107	15318,77877
11	9077,307081
104	10912,96988
100	10133,8486
106	15533,18393
55	2686,274646
111	14918,52404
60	7654,006972
99	11330,47657
107	14532,82472
13	9003,962435
112	12718,34578
20	6923,850161
102	14973,47791
106	11961,70239
16	5931,305009
10	7335,466687
17	10980,16498
109	12876,95487
20	13144,54127
54	4516,730553
99	15528,85266
109	12851,99684
109	11019,58144
25	7270,156193
103	14007,95858
21	8864,260353
15	6726,689413
15	8959,115805
19	10788,5445
14	10673,65335
110	15550,81409
52	4820,741218
62	4241,86825
107	17487,48684
63	7250,52853
48	2938,781331
109	14714,87942
105	12963,22221
58	2204,740516
55	6639,212605
57	5087,007416
23	12309,41091
110	16113,17572
51	8172,842409
102	13644,88805
115	14291,04867
24	9024,445037
18	5679,8351
112	15363,93496
53	6578,844455
17	9249,695953
56	5100,246042
55	1742,37409
106	10094,82484
16	8101,187384
59	6562,720857
108	15590,60442
114	15579,11273
23	4823,680507
17	10876,69569
24	11052,76252
21	10947,82465
15	7010,979652
18	9603,17033
108	12992,50106
46	6136,521514
19	12158,75446
20	10647,67463
107	11415,4524
20	9538,214926
55	8266,227796
109	11540,84867
15	10238,08555
24	11245,69192
17	14093,10993
15	8768,177831
106	12906,89082
112	10766,89507
106	13980,97491
100	10845,6307
115	12212,3336
11	6979,675445
12	9968,653076
54	5853,563485
106	14330,60445
50	3295,25412
21	7966,299135
109	15103,3008
54	6673,208383
17	10586,06317
60	5053,212441
112	14477,56653
16	11393,36335
57	4241,351778
109	15997,81946
46	7937,257227
114	17161,56001
52	1664,990948
99	17062,26959
19	5427,184858
107	15231,39609
110	13275,62865
111	13619,13718
17	6932,288821
108	12446,23319
53	7757,22798
19	10416,50239
18	10032,12918
54	4310,36253
54	6962,519341
20	11012,53496
98	11235,06082
104	17311,26827
22	7108,250697
105	13058,39018
110	14887,44383
54	4142,831695
18	9700,20019
106	14130,30581
21	7605,726514
13	5881,736459
13	9436,988681
103	10831,69002
49	1913,256193
101	13885,14418
101	14832,83192
56	9103,177451
58	4665,296308
107	10707,74395
54	3038,838448
57	3157,667906
49	4534,246203
22	11811,86042
17	10202,81856
111	18123,09976
112	12283,83534
54	7622,802674
18	9139,514678
51	2964,020009
15	8112,952349
53	4410,441521
17	10099,09641
102	10231,45747
58	6294,599324
104	13684,46426
51	7497,986905
20	11149,97367
14	10560,13762
56	6378,049056
12	7785,731579
18	9586,455966
112	14946,63931
103	10573,18849
54	5467,588063
24	11417,51395
53	5232,750214
113	12115,67655
52	7303,295325
13	13174,9224
58	6438,065518
49	6478,976292
53	5988,655732
111	13552,21882
51	2012,960521
61	2370,708186
62	575,143338
47	2422,989897
53	4378,169468
22	12412,37824
52	2911,082464
107	13790,70312
51	6544,615044
103	12297,4964
24	9746,942132
102	12932,62917
55	4227,036157
15	8143,434606
20	10164,48433
106	12773,12597
104	14392,23841
102	9768,118206
112	15350,02549
113	17700,40868
26	9973,582439
23	9073,985246
58	3714,91948
46	7953,397942
54	1768,601331
103	13209,1937
107	9805,234839
110	13032,23384
21	13286,19493
54	4792,039861
25	12535,66117
103	10470,08197
57	6252,259704
61	3413,554708
19	11452,06598
107	12072,50145
107	15121,06834
16	7558,201501
18	11832,22303
107	10361,95974
101	13203,43432
104	13795,18729
106	13898,85319
24	8489,464003
52	7095,711456
102	14399,71904
49	3269,431667
107	17136,87402
56	3872,772046
19	7922,826214
101	14193,525
50	1562,431184
15	8778,582114
110	15363,88896
52	3782,846818
18	13310,14329
101	15521,88046
22	6201,696122
55	1615,37849
18	11634,13481
109	14128,27978
106	14577,54525
57	6689,402565
17	10951,65705
105	15330,76496
16	9471,26147
15	8310,296183
16	9894,838802
16	10428,61252
60	6787,444919
104	13159,72093
17	7784,670255
113	12056,49506
56	5678,624054
15	9908,933267
55	6206,037972
11	11578,54806
46	7670,874441
55	2291,618705
106	11056,13587
56	7625,20385
55	7101,436034
53	5416,758722
107	11420,12816
16	7461,993853
18	11268,66133
24	10667,29742
52	5093,856738
107	13884,34841
47	3849,327873
53	5326,440798
46	7342,965341
21	9784,926458
12	8416,452153
106	15112,54418
55	7279,324045
112	10474,61618
18	11519,0679
50	2701,459373
59	4803,945522
20	9841,856371
48	5327,827929
19	8283,572497
111	12343,99253
107	14601,04744
101	12864,21673
12	9519,06546
102	13261,52555
110	14967,58385
107	13898,07113
108	17286,32329
18	6368,362348
107	14591,76985
56	7259,908232
112	12898,11713
107	16634,96855
52	1558,120694
53	4958,422418
12	10590,87482
10	12263,28436
106	14654,07469
50	3726,377855
100	15970,47338
61	7715,489062
16	10388,56594
49	5423,76998
51	3532,883288
102	16221,25546
105	11961,24449
105	13351,96401
52	5052,380308
53	6162,769801
60	9108,356748
17	12305,22813
48	8283,366304
15	11095,97531
106	15020,65552
45	5619,465181
18	12079,7665
19	7579,159345
110	13585,35944
114	14215,89337
100	17505,64082
106	13718,62314
49	3534,245964
57	5344,274451
24	12361,81826
12	8147,284888
104	13648,35276
49	5349,169804
48	4686,197221
22	5758,315219
57	4532,888811
111	15615,41611
57	2408,09072
16	8390,850182
51	8037,774743
18	9135,069567
102	14234,81577
106	13980,60638
57	7007,810131
108	16409,76677
18	13666,24761
53	3964,485387
15	8103,01566
100	14670,21755
57	1288,290147
107	13352,81984
17	10101,34016
16	6641,972591
59	6571,724159
102	13608,51008
10	11348,48909
52	9546,273868
58	6572,141818
107	12793,93944
48	8042,934966
17	8226,098566
17	7410,150205
55	8466,534785
56	6380,205472
99	13683,09503
112	17660,54462
61	5825,602363
110	14524,30623
49	4949,00356
110	15550,86671
103	15497,38843
109	15248,1773
58	8180,562959
13	9419,12023
105	15467,00539
48	5472,325323
18	8838,174265
17	13463,59708
56	3292,881642
21	11079,13096
61	2356,198515
114	11374,22241
17	10625,33517
50	2876,767848
102	14727,85401
11	11937,02874
52	8125,076936
49	4992,899649
105	17965,10103
104	13154,69326
110	13683,26122
102	12284,91905
53	3640,458759
106	12490,35814
53	6692,801288
58	2432,132632
100	13845,13943
51	8213,258883
11	10642,47129
110	12712,18032
108	11405,87311
11	8905,633812
53	5674,111537
18	12156,35212
59	2545,353706
106	18600,0489
14	13507,42592
54	6029,824362
105	12767,74922
108	15706,05477
46	7396,687667
19	12924,9542
16	7342,825281
23	7699,544389
46	3726,926253
14	9776,238225
21	12944,54806
13	11908,2717
110	11560,0106
17	9211,267994
58	4351,307051
113	13174,07645
18	10463,34115
19	6787,506721
53	6612,273133
13	5272,522126
105	13431,85908
103	11549,20693
57	3394,863879
16	10205,81482
113	18338,95527
13	9503,939555
111	11108,42236
54	5013,561791
109	16996,69548
20	11725,91067
47	7124,606794
23	7948,558944
57	2669,699195
99	14628,81023
18	10841,65224
22	6162,859307
9	9972,717212
15	11256,79394
50	7392,497771
106	17217,71889
113	12173,91399
55	8074,095008
57	4682,431836
102	11952,6932
103	15622,604
9	12162,92889
18	11482,40963
13	8886,719686
55	2261,957272
53	4261,257159
21	10432,26057
105	12916,86732
101	12148,62631
55	8652,150064
15	9899,487882
57	7341,716591
56	3543,690707
58	6725,545773
54	3576,421522
53	7186,000264
47	4325,961865
57	7230,548662
101	14390,0995
20	10065,70582
23	5896,506814
52	8245,295052
57	6968,979976
58	5286,49884
16	9682,398948
22	10374,99261
102	17550,24179
20	5556,40078
59	5643,517855
108	12958,36578
105	12480,63325
18	7599,430453
20	14100,45498
55	5110,720752
107	16409,25923
16	10159,8593
17	7077,1305
17	11953,54476
11	11596,78938
14	7961,847412
106	16614,5417
60	7281,901176
57	3683,198906
20	6557,261146
101	10856,29659
57	7702,132804
54	2119,782477
110	13743,03699
114	17784,1225
17	12705,51756
12	11926,30868
23	9586,206013
105	13472,12621
18	10912,08513
59	3857,849747
50	5296,112975
16	9920,267147
98	12579,76224
51	7053,074657
14	8097,282087
20	11735,02875
112	15393,44605
105	14744,35748
46	5823,096527
52	4973,882275
105	9029,516578
101	16878,2542
113	14306,78258
10	7081,229361
15	7277,021343
104	15694,75313
22	11307,79151
55	5800,18692
105	16319,98902
54	1955,477489
107	12002,52448
112	12562,956
59	2690,441782
57	8270,528829
17	5621,694688
50	3647,037713
53	8963,772538
25	8479,72787
49	8677,743716
59	4134,004678
10	5758,114062
104	11925,34037
107	13804,70826
98	11561,4457
112	17494,19908
20	14178,56594
18	11175,34277
105	14080,41612
18	11029,10578
103	12260,86413
19	8944,378818
23	9651,147409
15	9827,599912
60	5910,448105
17	10403,02157
20	6266,181655
104	14403,66244
111	14766,68065
54	2907,094079
106	15194,43537
57	4812,87251
53	1955,864317
25	8479,845128
20	11733,71545
19	11188,67487
56	5548,491109
58	6208,550325
110	12279,1497
54	7715,753608
106	14964,46835
108	12139,4089
54	7522,645395
107	15192,98204
50	3117,007542
50	8678,499729
55	4338,851134
60	4721,071737
112	16984,1662
23	9560,675503
23	12099,59877
21	7709,093453
16	9229,564611
46	3694,0665
114	15457,22701
16	9833,882604
111	15398,86891
16	10616,29105
60	5103,832263
14	9852,082483
101	14888,72162
52	627,11124
57	2187,569688
62	4151,909432
106	16301,40169
53	6052,342535
47	4627,951072
106	13720,25825
62	2893,542225
108	12483,18521
47	7513,287773
103	15591,29403
19	13646,41018
63	4548,231727
13	6060,737257
22	11212,80767
54	2052,101109
107	12602,99541
23	13212,05377
14	7735,296329
15	9091,436365
21	12275,18384
18	9541,739044
19	9692,415962
17	8900,000339
112	11860,39615
19	9093,043812
51	4401,517095
57	978,123787
56	3427,042476
51	6366,887639
55	5990,53574
105	16016,03269
99	13460,31463
49	9779,156311
63	9555,183298
107	13336,59213
46	2897,209709