4416
80
352
506
4816
4872
7
4666
75
8698
898
1
7936
61
8710
98
88
566
1
5415
2079
9205
715
60
626
10
7659
290
3150
192
4065
9
94
8
928
692
87
941
4059
92
50
49
6441
9
3248
8339
94
254
6
4
62
986
694
1
88
6
8311
4
31
5
5808
71
9
10
93
8
69
5593
6
3
1741
5
405
3
45
35
5722
68
939
4418
3
2
2
985
3
9
36
10
9101
17
4566
26
91
6
9945
495
9
6
5
595
38
5
314
4242
54
16
7907
96
5475
9
2
30
7
7193
2993
9
10
9
4723
5131
6686
7586
475
3068
345
89
38
596
427
751
1
3552
4686
83
87
80
281
4672
27
182
5031
5138
8097
315
568
45
4786
828
74
2
1
6
190
79
3607
307
5208
9
9
4
90
9127
4
6524
21
71
88
7
8218
8
615
6
6
749
6
10
41
40
4
13
8
1
7
6460
7
6
236
538
18
4396
6995
97
220
123
10
9
8
943
65
778
7136
493
9
3347
7
8
5
5
24
9
505
1716
61
20
1493
17
248
20
861
71
48
10
5
199
5
45
575
2
325
4
10
9864
3
60
10
728
495
940
16
8896
98
710
8452
1756
91
85
8528
1
3374
10
856
8
6100
853
9
654
6
247
7
2
863
87
43
671
6
75
1
4297
7
4
265
4570
131
8
743
2
6
170
2
75
183
10
9268
22
6
7911
9041
3
7748
8723
10
477
9927
2704
12
714
9798
4383
514
69
205
712
5
26
8458
4174
3529
20
2746
373
354
483
47
99
6005
2883
32
3276
3107
8
7712
62
5
57
2753
4
2
568
52
3
2
60
1
1770
875
312
3
7387
4996
770
81
2
6
268
3
1682
71
54
6429
1077
6798
89
6
6
893
435
60
8736
1340
3042
689
7254
502
43
164
12
1
4
4
2
3137
22
570
1
9
241
799
1984
8
5
77
745
222
5
394
928
8
10
62
42
77
2968
4
10
8793
169
7
4
906
2375
7
6853
27
8
7594
2
209
89
3
9757
6
13
8
9100
4
58
8860
360
182
282
2
2
412
1
5894
4
5
63
3484
4484
44
971
76
5
64
1373
9712
958
9
883
90
9
235
9349
407
80
9442
1
7421
5879
10
6416
42
7758
603
40
753
3
8
2
8
9
74
80
67
6123
822
7
980
8
76
13
47
5462
123
64
1586
7428
973
21
857
162
5626
433
8261
1
15
739
238
228
998
8986
6345
67
8
8904
8
20
590
30
466
73
65
9
76
19
99
49
2278
10
21
31
254
68
3202
884
36
223
7561
67
422
570
4809
297
529
2497
300
19
1124
1
266
8805
65
3
2413
9650
57
6
842
29
850
9767
3
45
20
7193
6962
702
47
9
4
4152
2782
98
5
9479
34
4
685
2
4
39
2882
4
775
88
5
8
1680
456
7
4765
6
86
19
2
6
870
2830
6
20
10
431
87
9622
6
2
452
7480
737
1001
523
2
8
71
7699
6879
3055
5
126
64
5389
1
1768
72
998
1
38
5801
301
6016
2
294
2947
5677
6
5
862
4004
78
357
3649
68
2
41
5
12
321
1
28
55
26
3517
654
23
5
28
2
71
6652
2540
4
979
3423
53
179
9631
379
272
7049
6
666
3
4832
5
8
1
4576
3981
513
874
679
41
3
5
9
8611
7360
10
343
132
54
52
15
19
6918
6
10
10
8
6880
479
757
3
59
5
4
1242
2
758
4
9
18
415
289
903
4929
92
29
43
7568
5
7616
83
5847
3898
10
78
90
4
10
6639
9841
455
1
73
19
95
988
7617
66
8
1
403
703
98
8987
236
3
7
5880
662
90
7
6206
8585
5
5349
8136
813
58
3
17
9
40
1992
10
78
9
98
5405
378
1
9047
678
7137
5565
7500
5
75
719
82
4
13
164
18
662
670
41
90
169
5745
1446
45
44
964
3
315
1
2
4
911
49
216
886
4
1
5303
4
966
292
4
833
91
7
901
34
35
2443
629
529
5
6
47
372
84
58
98
873
7
821
2095
2
5
9
9
676
7560
1
58
87
6426
580
51
8404
54
6
1
8
4443
5450
746
7604
6
4
715
447
1425
161
642
7
6127
6157
8
152
90
14
7
7
91
8298
7
7
282
8
15
84
8
503
3461
466
9202
6711
7
5
4407
5735
368
319
1
1768
4708
740
54
10
133
72
8
7
641
523
50
323
2589
7
277
31
6
37
3
910
12
8071
93
4
7
3638
22
376
684
831
564
3
6155
72
2090
3
10
7
5743
685
10
2
376
5328
70
6
9
57
47
810
421
113
347
38
49
6782
33
5064
919
2916
929
17
76
10
2854
400
827
638
10
644
683
57
5919
6
228
8
46
8601
41
7132
3106
13
2402
650
51
9
2361
441
4
327
613
88
7
47
43
30
9470
881
37
59
8664
273
5
813
971
646
10
5
352
4222
970
7864
2
8
4
2
7297
87
7
3
12
575
953
6
6
1623
3350
7
7
8549
1591
550
2
451
543
66
6964
97
728
530
1
3852
4104
752
4089
53
84
61
39
2
57
2
4
2959
348
944
6765
74
584
2258
558
92
503
5
531
4
52
2
7545
68
550
9489
7
9
604
10
7918
98
74
26
48
377
85
5
9236
2042
4899
2
65
26
70
46
3
530
94
513
867
5
4
9
580
9
46
483
1
443
3
5
28
818
6101
6980
903
9
7
6
33
528
3
2321
1260
10
2
137
43
830
9
358
28
56
41
127
5
34
65
3
69
55
230
352
8469
2
6
94
517
3548
438
761
288
78
2595
98
9810
1
178
10
83
240
9044
5
9205
132
344
2
4
605
2535
7688
585
522
2
5
57
57
26
7
5
57
39
4666
5985
7270
492
697
931
18
4
63
12
10
46
677
9
1883
34
589
779
50
32
32
779
968
8412
4282
57
95
533
461
1
84
9217
7896
193
688
74
7281
347
9940
474
7
2722
7
30
86
324
1
3720
2
1007
8007
59
2995
23
3
9
189
7
993
9
504
67
96
6
66
121
733
2
351
222
9044
519
883
4997
47
8650
8
7
133
4217
5
2651
316
937
222
21
401
34
4
26
8
14
6765
735
2
6606
876
5
67
1
5
2042
117
6
9
1
81
1350
1
4422
32
473
851
37
517
6891
978
7143
9328
251
1
44
6
581
1
86
4659
2
2
90
9
2647
8
612
5
1850
5124
84
4080
517
2
3
4
73
4143
4905
64
56
900
24
289
730
22
398
40
974
39
48
510
76
789
719
1
174
232
68
861
833
12
81
7
8332
86
7
9
747
86
277
73
7
8
10
8
4
65
1
90
2528
2
3
282
5615
49
85
5665
815
1
37
1991
5296
8
695
10
2042
8851
72
1
9
365
36
931
60
40
8
4326
282
69
620
184
7310
382
988
2423
66
26
365
3
64
5
499
7
498
4
90
23
718
54
84
541
5837
5
51
3
7
3412
775
223
9661
5
6
76
8
453
852
20
4
82
77
4039
6884
28
11
9016
9
15
125
1235
2065
27
1
2
70
325
40
9
37
783
59
6
9
32
10
918
92
4
270
6
83
260
57
3519
749
7
5029
94
475
5
4794
2788
79
8935
9
5341
69
67
270
4474
2
10
300
539
8568
4488
197
2174
31
7
6
565
66
637
77
6
2287
4
1
484
29
985
726
5496
366
6
447
69
6
3668
91
467
84
9
6
8923
4
199
2491
1617
2574
4
434
11
716
69
4807
479
197
8608
1452
86
1600
10
581
33
1427
58
473
8
1
1
5471
3
67
2840
502
2426
321
1
2511
3125
2865
997
5
887
42
362
86
8
427
12
9064
9
16
1
935
5
4141
5
81
3
4
2
24
652
10
2679
35
3630
3601
2461
10
15
354
3951
8
6553
308
245
64
90
34
5
9
460
5201
9430
145
19
7
98
4172
19
25
910
19
49
42
9412
4824
313
5461
236
69
55
60
98
4
783
419
1018
696
916
2
1
416
54
3
69
111
29
4
122
50
69
33
4
5
53
5
7551
19
6
35
3837
8504
2772
9631
64
256
9073
8
116
724
720
2440
9553
4
942
19
763
5378
544
6240
8495
56
293
9612
9449
94
461
80
4662
45
99
973
6243
7
7
535
974
10
601
3618
1
76
2141
6
2656
2807
8
172
8
95
10
4179
360
8
84
9248
299
524
916
10
4
32
98
19
3051
827
5
448
1
10
885
98
5670
2626
1
790
1718
4
6750
900
66
182
2528
312
23
94
12
10
14
3992
6
396
2
665
29
36
5128
57
845
266
3676
64
6
600
751
3575
43
3
556
1
535
7
8
622
1858
336
47
46
69
7070
809
4542
97
339
62
10
84
8
643
3712
57
6
7249
18
6621
48
1
396
7216
10
363
9324
6140
71
63
920
1
5706
3076
8324
240
593
9712
54
33
491
927
2288
2862
4294
883
137
9
1
16
2
6336
1
9308
32
3
5
87
163
888
35
800
826
38
2694
26
3610
3
466
242
5705
913
947
5949
619
6131
4
7344
4708
132
3
991
57
35
7631
58
6
79
251
447
6
4987
88
100
41
254
328
6
944
2954
30
56
18
122
7
921
3562
9
29
71
3362
84
6
375
16
7462
737
330
37
530
5
504
3
4429
4245
1312
530
313
61
612
5348
84
9179
648
28
725
1262
6592
94
766
6
882
68
2
5649
1035
8
95
314
265
8
6
81
23
3513
46
6618
213
9
47
648
96
111
4908
692
881
4262
32
493
1
77
4568
109
6
274
28
10
9
82
98
3
374
6
461
52
8938
9404
88
4
57
1
7
678
9
1365
8
8
5
989
2
156
552
15
118
686
71
1
187
55
8805
9
2
5101
2931
30
327
658
7
666
8
3
10
71
7553
217
1339
5
4
42
2329
3
41
4209
929
762
3424
29
58
6
5
5
99
10
4
42
934
435
6101
42
7
64
10
1436
9
976
6
73
7302
256
36
641
3
4
5721
4
627
377
47
7
4983
415
799
10
1
83
72
18
2429
1134
5
5903
3157
7
3389
306
1199
4253
7991
10
1
6
1
10
3
32
349
460
4
2356
9
9949
12
6
90
47
8320
9
684
663
73
6473
27
1752
10
7558
63
847
6
9
68
11
30
538
684
120
1856
7
7731
3
5729
6
8
4623
122
9
6
134
48
8
5962
5489
5749
7158
69
2242
720
633
61
48
1416
4786
5211
657
9
4023
1524
2
21
84
72
36
17
3479
278
8
86
3
60
8
5846
628
56
1567
5
291
178
85
407
340
6902
838
7611
52
557
981
7
975
464
3
52
61
98
3266
10
1004
1
4250
209
9
5
98
639
61
7182
43
2
9
13
79
18
78
7898
21
7
1
5
7
587
10
52
65
92
9
703
695
8062
5690
9705
7672
2
186
1866
2401
32
942
27
6593
94
64
489
99
1
89
82
75
820
5049
78
1943
5815
6255
3
1258
57
460
3
2
1761
54
8
1
8
25
5028
5333
10
9
241
1650
5
4
3625
603
9406
861
5
359
656
3824
73
540
830
34
8014
245
3
210
8415
934
323
7731
10
2791
303
7773
10
2316
6
44
87
69
5
30
7
4
4
6
5840
77
58
5
503
8
30
6790
95
74
71
7738
1199
6788
7652
3
389
5
19
1521
79
5206
792
381
75
766
54
879
536
4
10
884
107
9
9
2
10
492
9
78
747
10
395
16
78
63
7
8
25
856
228
900
710
81
12
7805
1941
6537
864
18
19
1
6026
9361
94
872
343
595
63
6548
4713
1
1727
946
9
7
291
8
393
3
71
12
62
9
4
65
692
8
2
6625
30
19
4753
947
8
9522
4
3
12
365
9
3159
7902
263
70
954
1310
15
390
3190
304
1
3439
1829
31
74
303
5494
81
9077
3
8
362
4859
7722
63
7
324
1904
309
151
2012
7
77
14
6
553
113
3248
407
7
688
5
2087
901
7913
921
6
32
9676
7
67
2
5496
33
113
10
4733
22
54
3393
5591
6235
5
100
8
309
4150
9
749
8641
21
52
5787
739
11
6026
2
316
4
36
8679
6
9634
201
167
89
399
64
6361
23
3689
6
19
1567
244
6968
88
571
90
3509
2284
531
52
5
10
55
8
2577
9586
8
4
9
753
36
2
690
8
23
71
1
4
814
10
92
5
1
7636
539
8
6904
49
56
8
4102
58
22
8
768
39
900
3378
7305
10
3
1481
9162
749
45
42
99
3471
19
1036
5
54
9
457
311
41
5749
9
1
51
96
47
283
593
100
70
545
1180
1
426
927
6528
10
4
2
738
4378
7318
91
83
42
32
85
797
3
433
73
15
912
6
2
79
6140
96
987
1
2
1
5
595
731
3
1824
905
91
73
5
10
407
516
94
1
290
2883
8153
8255
5408
4
91
8
7
9164
5581
8
2497
41
475
425
874
8
436
501
5809
2876
6
1278
237
2932
7
920
6802
4787
921
637
651
28
7
9
444
6616
4644
2448
843
689
14
8765
6787
3951
858
9593
56
81
86
608
97
1724
91
479
4
18
69
90
5
1
148
332
26
6816
7609
92
6
2964
44
36
6081
2475
7
4925
4
10
196
312
2
6
2
7447
11
654
5480
315
421
2
9
4
404
5098
8
2827
16
40
94
155
4
808
518
3
29
10
3266
60
89
8
21
267
42
605
2
65
844
42
6
396
347
361
7155
23
107
417
7
4
5656
8444
8277
445
8231
61
298
310
2
6591
309
4540
55
6614
810
5
4
11
100
740
7
137
54
38
26
6828
404
717
8
2
68
55
3
7107
2980
5128
317
806
56
295
9
24
7392
7275
8940
24
74
825
14
7
2
77
6
954
3
35
5
5323
847
3
59
2447
9
9
959
35
970
16
39
39
9
87
742
3619
91
887
6
531
74
633
80
2528
1
88
716
13
89
93
86
5
214
9348
10
8532
9
5
3976
9
4289
536
1
2
798
72
853
7431
227
96
64
437
2923
4078
217
1634
32
9
221
5773
73
616
574
4
26
9790
49
9461
10
4
5
10
657
489
667
1097
93
6329
97
505
559
10
37
6061
871
42
8424
271
781
36
43
202
10
3537
90
7
11
527
4755
273
78
3247
2786
50
289
1472
810
3
7783
9
737
850
9723
58
356
2369
30
357
7400
4
5009
5
7
59
1
7873
6557
37
89
23
4
10
4
484
8377
94
161
709
7
7
6657
7811
96
6984
2
37
57
7
74
46
8
656
68
65
2790
6187
19
366
48
7920
629
70
548
65
6
99
227
7990
746
6108
4
82
4
1655
565
5970
5593
8
1
6
5168
1620
57
59
10
3613
4
68
964
4215
2
9979
9
50
4
53
9
4770
7
37
97
6529
9988
86
6
880
222
427
9
8
5422
4
587
1
669
4624
531
1
4158
6374
6710
6
9
473
9
249
6092
4266
77
1
1161
7946
9
4
10
7702
9330
59
9434
9
1
11
16
6469
4052
740
74
6
905
10
6518
4
336
2407
8
73
10
6
1179
390
7
5
13
2
38
7091
7875
8
4
550
399
90
8049
740
815
4
69
9862
8
20
4835
8008
35
9960
4
9
11
3
569
435
3
77
17
2474
22
1979
6
3309
4
1
10
983
7
5
3
104
31
3
4
384
427
68
61
3939
9158
77
494
2552
8
3
4
6
4
8
3886
3202
448
5
534
6370
589
502
71
790
3963
4259
3541
6
72
3
854
7023
1
2
80
32
8041
2
86
19
5181
73
741
817
709
937
2374
394
921
781
10
698
4
1798
4460
5857
4
4311
2835
7142
3589
8
139
4632
70
2
8
7741
9
5490
5728
641
238
64
7
9
902
289
8
43
6
54
9
5
10
946
31
384
57
4
1
4691
666
80
42
8814
5
4
7
957
26
211
873
3
7
71
731
114
9685
3307
228
709
7167
7
28
69
68
10
81
13
1
10
194
2
4142
719
1
100
93
997
3369
5957
4
9
7
314
8
8843
508
856
13
6
97
9
1
91
325
7
365
515
960
158
4479
8
86
9
58
480
2736
8538
129
60
1697
638
5366
258
189
5732
9
5
781
339
7125
7
43
69
7
5
48
6291
517
3
7
858
4379
989
7
54
923
9
595
4
148
3
1
1
7
4731
78
80
9848
8585
735
3
32
44
10
3582
56
1260
98
9
80
8
301
79
330
4
2
530
7147
8713
50
415
66
98
99
7
1899
468
5
8351
4236
4
93
9668
1
10
7865
9839
141
1142
8670
1
750
919
3
2247
740
4481
10
7144
8
298
9170
91
151
13
1
820
5
8694
6
6003
45
958
5899
87
8920
10
422
1928
85
76
9404
6
420
999
14
20
783
3136
985
3630
419
502
2
3
77
504
1
966
2542
927
66
4
12
95
9423
49
435
7
109
918
595
12
971
61
271
1
977
190
2
40
54
8473
3345
360
2963
21
492
9938
245
8
3627
2
9
7541
7
3328
5
7
2
68
9
5389
5886
5
471
7
6054
6667
31
10
5
884
4
83
2342
734
14
8
19
66
8542
61
9770
2
6
684
1742
6
7
8116
1942
1
1
2
464
9
3326
2351
7
483
66
513
6
47
82
5
955
2184
53
190
1745
91
10
2
77
9
3
84
25
41
99
6830
5425
10
29
191
2
922
2
98
71
8
323
59
30
855
5352
399
39
507
5
939
4454
1167
2
542
325
9
3
896
10
865
22
2
1
68
5
3676
379
71
455
20
1
7
122
207
711
5
6490
40
9763
7
1495
8
2000
3932
46
824
1
8
9
207
948
699
10
8922
9
533
128
6
2808
58
6022
2121
568
2702
27
8
3
750
4
3960
92
13
305
2765
716
670
52
567
10
6942
138
917
438
1453
85
5757
32
3101
1
6
10
7959
4
453
383
7
1534
248
9
131
3
5087
7
4919
7429
7
3
13
733
352
38
92
816
17
92
129
176
520
166
2674
9602
4955
8301
681
162
3
1804
5863
1
418
13
65
288
4
95
146
16
283
7
92
4403
57
92
1
717
9
3194
845
5533
5
9184
74
81
807
67
3
2199
3
41
1054
705
31
1
14
376
2
540
122
29
91
226
234
64
710
136
611
81
1
52
528
2267
5
2
15
8090
8
98
99
2
69
2171
6
5438
204
6
2
353
2538
3404
8956
137
3
5426
8
57
54
62
91
1
998
967
760
732
22
7154
1687
17
27
3
2781
424
266
211
8592
135
1172
70
80
4
594
34
82
40
7
4167
7173
385
991
42
5
69
56
105
24
1
9233
10
5569
426
397
32
6
6101
451
6306
9
654
12
7210
646
498
6438
686
70
3317
7032
91
512
1500
5
196
155
274
44
949
682
392
711
276
12
250
11
910
6
949
69
3
9
5641
585
18
76
213
449
75
68
712
676
54
10
7
78
5
4
50
23
7
8
10
10
58
6
934
3618
19
39
775
731
2
10
83
7
576
100
78
9
60
2
5867
2
301
73
498
7
27
5
1267
1834
3095
69
52
1509
73
2
6
6258
98
77
12
29
3329
569
3043
6293
2
26
35
34
1712
9
4
40
8
8
1
4
8
57
2833
273
9
6234
6072
48
37
594
733
2
392
6424
5
79
715
881
5
9
1790
142
1944
4445
60
599
576
34
7
8
9
3
980
13
45
4
3
177
9
85
2784
925
68
10
7
20
7
8333
9
79
8396
718
9
41
4
3698
966
24
42
10
95
99
10
251
39
423
1
7
400
9794
2
70
5032
9497
9
477
41
86
675
100
9662
7
940
330
133
10
8
4150
36
8396
435
452
3719
9
8303
3
30
3
6
1
1
8
3
45
13
5
3
40
427
19
7315
468
45
7
3
57
833
4184
6
4894
7
9196
71
40
16
3806
2
83
528
80
5
4651
4
4
5753
1187
445
4
4
5
8
9909
7982
5
674
4700
77
9424
3207
7924
5
6220
186
1
97
469
671
20
813
7
169
15
699
83
4204
7868
4
8065
3324
76
7
563
3
892
19
801
5
480
3069
92
9321
1
7596
74
2
8
336
154
2
671
3
43
22
731
272
8
9873
342
8708
5
2
37
424
7
1
769
5
448
908
7011
8039
668
111
967
6288
4
68
6
66
9112
83
43
5934
8547
763
2189
6
4093
47
298
65
4
7835
44
4
695
857
1434
590
4967
5532
39
890
2
4
4
773
882
95
6
3931
5
33
1
85
97
10
82
894
55
9
38
2
861
1
6
8620
3
51
84
52
991
32
9
85
305
7158
4
232
8
5414
164
10
773
38
41
30
5
68
138
9772
6
952
5
9195
4643
230
35
7
2819
24
209
3749
9
9
9456
8
10
514
138
978
5492
6
7758
59
2787
371
8
184
49
88
56
3248
7492
3263
5721
9499
762
6957
443
11
15
7
17
41
992
9
2048
904
3056
15
732
50
38
603
7
58
7954
5
796
82
296
90
8269
3952
4
395
50
4
6
4016
567
13
1
42
8
194
28
389
77
24
100
9254
524
5
638
2359
4
70
9223
117
1451
13
21
256
10
77
593
74
2001
1454
4821
8
34
35
72
6003
620
54
669
705
9
9501
501
2
799
8
76
174
51
48
2
68
95
118
6059
850
229
17
4068
6
933
240
9
26
724
60
214
9252
98
53
6
6
38
2
715
163
6313
121
5
65
4
9097
815
6369
8
271
8
6572
7843
83
2
8347
32
877
8801
685
8632
57
8110
51
62
220
6
4
692
46
21
2
4069
77
4
9191
4550
47
84
6969
6791
93
5952
7265
9064
4
6121
9024
219
79
763
2073
4350
73
534
90
638
2911
2
3895
189
387
4
9768
8547
1926
2
3201
508
6
9
3740
74
5
2360
90
2855
31
599
279
73
922
3
68
69
248
40
39
482
84
10
6
66
20
731
7
87
9193
10
246
4
10
84
99
84
48
638
493
81
398
11
6
403
7800
184
7
193
338
68
3333
19
7421
6270
5
6698
4437
7450
5457
7004
7447
607
8
140
8612
270
51
8
567
97
3526
23
231
100
656
9180
4979
45
15
47
2995
2803
90
