5,811152 9,235914 K3III
4,444757 7,314656 G1IV
4,914140 5,805386 O1V
6,963132 21,050959 VII
4,335867 6,892145 B8I
6,103369 7,655749 O3VI
4,171745 7,271236 B4VI
4,653061 7,106281 K6I
5,204471 7,881988 O5V
9,501307 19,692266 G7I
4,355133 7,990891 K1V
3,621363 7,055749 B7VI
3,755408 7,036457 G0IV
4,965068 7,351060 VII
6,432275 7,604899 B7II
3,729882 7,765137 VII
7,728873 18,936642 G1IV
9,546073 19,909944 O4V
9,421247 19,433401 K0IV
7,066742 21,185550 G2IV
7,324011 20,633332 K6III
4,677687 6,506511 K5III
5,905206 6,998704 M1V
2,803431 7,705978 B1VI
7,721334 20,176921 K8VI
4,674839 6,380321 O0V
3,510746 6,528553 G0IV
7,580699 19,839187 G5IV
6,953052 20,033187 G0IV
4,794816 6,960366 G7I
4,445024 7,269306 B6V
5,313386 8,587627 G3IV
8,567068 19,570064 G2V
4,397961 6,552652 B5VI
8,191501 19,953847 O6V
8,593273 19,290765 VII
7,685600 19,570448 G9VI
4,483184 8,210014 G6IV
7,850758 19,592505 G3III
8,195873 19,949706 G3IV
3,966500 8,016029 VII
3,227323 7,020923 K3III
5,938845 5,925815 A2I
8,840536 20,149606 O0V
3,315138 7,602917 K8II
7,276347 20,590687 B1II
6,917578 19,974349 K9III
4,920313 6,974770 O0V
4,080876 7,372085 G6III
5,682289 6,976202 M0III
7,939102 21,492883 G4III
4,691292 6,506241 O5I
4,076053 7,368972 M2I
5,127768 7,639946 VII
5,018303 7,689959 B7V
7,757730 19,851019 O4V
5,257583 6,895266 G7II
7,139877 21,334848 A3I
7,424982 19,869015 VII
5,149441 7,497210 F4II
4,886030 7,835661 K2V
4,771473 8,080861 F1IV
8,971489 19,574580 VII
7,835035 19,778695 B1I
6,938518 19,255126 G5VI
5,832149 19,550190 F0II
5,337996 7,417367 B7VI
8,976245 20,121993 K3V
5,745720 6,791162 O6III
7,146485 20,850784 M4I
8,395570 19,434223 M1V
4,812703 7,474204 A0VI
7,903666 19,791392 O3I
8,284499 20,511720 K9II
7,565078 19,981186 G8I
7,176406 19,935248 B8I
7,164560 19,934595 M4VI
4,328942 8,182688 B6VI
4,655213 7,442081 O8I
7,917642 18,851566 G5IV
3,805742 7,498198 G3III
9,462471 19,417161 K3V
4,166946 7,481854 VII
5,443837 7,324686 VII
4,124272 6,730242 K8III
8,142880 18,696995 F1II
7,459721 20,073933 B8IV
8,875951 20,510755 F6II
5,994230 20,502773 VII
4,356290 7,338310 G8IV
3,421261 6,216422 VII
9,126391 20,637683 F3I
4,887475 7,228698 B1VI
7,455191 19,227124 G6VI
6,962403 18,773290 O7I
6,198256 7,608989 VII
5,307934 7,763801 K7II
8,002566 19,690768 K7II
8,899628 18,810080 A8II
5,007389 7,142392 G8IV
6,174534 7,844964 A3II
7,635909 20,988610 G9V
8,446646 19,885576 K3V
8,227027 20,070030 K3III
8,320473 19,035713 M5III
7,252277 20,320909 O1V
9,193663 20,382623 A2I
6,443652 8,348669 K5III
4,852488 7,661537 O3V
7,965013 20,043850 B7VI
5,484773 7,864478 B0VI
7,464603 19,852110 F4IV
4,551798 7,109760 K3II
4,441062 6,784268 K5II
6,032967 18,628155 G2III
8,203030 19,535685 G5IV
7,198513 19,748653 M3V
4,555196 8,106353 M3IV
8,563354 20,932272 K4VI
5,941063 7,195465 VII
7,812838 21,426859 G3IV
6,534592 20,272871 G3II
5,959919 7,785252 VII
7,112720 19,487680 A0VI
9,206617 18,552331 O2VI
5,362831 7,399932 B3I
4,541070 8,058617 O6I
4,592981 7,605975 A7I
9,443153 19,207248 G5II
7,250733 20,035398 G3I
7,283591 5,366783 K1III
6,280335 8,122880 M5III
4,220054 6,251894 G3III
8,280401 20,348811 G9IV
5,360995 6,585400 F6II
6,543980 21,091866 VII
3,874598 7,495200 G5V
8,320797 20,045754 G2VI
4,396059 7,175661 G9V
7,357944 20,158770 B3VI
5,477626 5,642836 F2IV
5,140959 7,462078 O5V
4,164818 6,781697 F5IV
4,946732 7,068056 VII
5,452640 6,695795 VII
6,909594 21,305903 B4I
7,255163 18,179910 G3IV
8,292356 19,140639 F3III
8,126816 19,550204 VII
8,547159 20,358103 M0VI
6,551779 20,124976 O9V
9,133999 20,857020 K2III
5,176630 6,983953 B3VI
4,578425 6,626849 VII
8,316219 19,363267 G1V
7,926837 18,481344 A6I
5,143935 7,622341 K6III
8,429570 18,734752 B5VI
5,684961 20,373789 B7VI
7,301103 19,348784 K9V
8,103753 20,394898 A3V
6,700492 18,388452 B9II
8,906518 20,349020 O7V
4,462776 9,205948 G4IV
5,215536 7,975994 K9VI
4,068601 6,989050 B2VI
4,307784 6,742989 K4III
6,710353 20,611531 B2III
8,150026 20,885285 B8VI
6,594792 6,794150 K7VI
4,977839 7,206746 G0VI
7,579768 21,069500 O7VI
5,919099 7,486284 K5II
7,955061 19,558555 G0II
6,632989 7,287651 VII
5,150930 6,455292 K7III
4,840824 7,104451 O7V
6,255643 21,257411 VII
5,525322 7,618607 M3III
8,516614 19,932767 B4I
5,017359 7,186596 B4VI
8,717704 20,243505 B2II
7,652098 19,857588 VII
5,860974 8,097918 A6II
4,413312 7,615872 F0IV
7,505449 20,547158 K8II
7,283087 19,460339 A3IV
4,159269 7,965897 M0V
5,003422 8,550652 VII
5,864822 19,467839 VII
4,528699 6,527078 O5VI
6,582919 18,835461 VII
7,033442 19,638318 O5I
8,206471 19,916956 G8IV
7,132669 20,938433 F2IV
8,745582 21,348989 K9V
6,869559 19,796295 G0IV
4,729546 7,086056 K1II
5,003454 6,212269 O5I
8,117149 19,995579 A3II
5,238666 6,610666 A6I
8,192342 19,676119 K8I
4,826828 8,605038 M3III
5,058750 7,669017 M2VI
6,877749 19,180359 G7IV
7,988580 18,559881 K6III
5,481802 20,855669 VII
5,370331 6,792308 G1IV
8,493509 20,046062 K0IV
6,505124 7,187075 VII
7,056044 19,645397 B9VI
6,882794 21,290401 VII
5,816345 6,112929 G6II
5,078069 20,568366 VII
5,758855 7,522701 B3II
7,558944 20,386867 G2IV
7,274458 6,847084 F3VI
6,435866 21,238805 G3IV
8,195326 21,251008 M3I
7,336653 19,549526 O9VI
7,806184 19,516748 G6I
5,617862 7,756390 K1II
8,376835 19,942428 B3VI
5,610069 7,082940 G1IV
3,804604 7,158970 K4VI
7,725009 20,529086 K7III
8,295564 20,352753 B3I
6,033258 6,804553 O8V
8,484131 19,340887 B6II
8,942849 18,940280 F6I
4,889654 7,764158 G1I
5,177056 6,971327 VII
4,729558 6,980044 B4I
7,794479 19,976404 M2I
7,901010 19,451101 VII
4,481882 6,561543 G4V
4,676847 7,820134 G7V
8,815150 19,646632 B5IV
4,683901 7,729328 VII
3,597368 7,055670 O0V
3,789729 7,891289 G7V
4,886819 7,862046 K4III
5,691136 7,948741 O5VI
4,340958 7,790621 F8I
7,787588 18,784632 G9II
9,081812 20,477687 G6IV
8,884348 19,878756 A3II
7,452913 20,913826 K3V
7,244241 20,108714 K5II
4,730353 6,540630 O2VI
5,475024 7,433271 B1I
2,758356 7,494207 G8IV
7,658642 20,200247 G0V
5,367103 6,919685 G7I
4,103610 7,171258 G6II
7,341817 19,628382 B6VI
7,487231 19,871753 A9III
4,331392 6,670831 M1VI
4,546207 7,454146 G3I
4,859058 8,534393 F5I
8,592599 19,333182 G6V
4,471911 6,369463 K6III
7,821260 19,951507 A7I
8,735732 18,690316 O9I
7,817953 20,443526 O5I
4,746848 8,614431 A2II
8,035089 19,891299 VII
8,586639 19,837024 F0I
3,609035 7,780396 VII
3,025775 6,110680 O6VI
5,545620 5,543625 VII
8,824272 19,514480 VII
3,824514 7,913771 K9III
6,977278 20,056984 B9VI
7,767379 20,052635 G9III
5,720730 7,362103 K8III
3,999162 7,315278 K1III
5,437749 6,562540 VII
8,022014 20,870102 K2II
4,725631 6,496228 VII
4,412901 7,299600 F8I
5,950049 7,549044 G6I
5,674232 7,674912 VII
7,916817 19,365363 O3I
5,825319 7,210369 G3I
6,995518 21,780836 VII
7,932878 19,734744 A9I
5,136364 6,768489 M1II
5,631672 8,063871 VII
4,270514 8,878559 M1V
8,473425 19,866097 G4I
7,855505 19,122886 VII
7,663842 19,279371 VII
6,208555 20,523877 K6I
5,178252 7,895129 A6V
8,221936 20,324557 M2VI
5,377431 6,833386 VII
7,840624 20,459463 A0VI
8,540764 19,553070 K5III
4,569533 7,523730 F1I
7,307342 19,990919 O3V
8,058674 20,036349 B3VI
7,447365 20,887853 B9III
6,941928 19,791270 M4III
6,676934 20,385345 VII
3,645532 8,329331 K7III
5,114184 7,522936 F6I
7,927368 18,694233 O9V
3,970241 6,842620 K1III
9,403986 19,179618 K7III
5,000825 7,362020 A5III
5,392275 7,013268 A6II
4,753107 6,144047 A9II
8,390115 18,678658 O4I
7,154923 19,948291 K4III
8,382068 19,579905 VII
5,930401 20,752838 G3IV
4,766925 7,533467 O0V
3,722116 6,978020 VII
9,473842 20,867009 M2VI
4,836579 6,716530 K0VI
7,570703 18,732775 B9II
6,527340 19,363608 G7I
6,119877 7,706272 A7IV
5,122572 7,271801 K7VI
8,543910 19,625321 F2IV
9,370036 18,708418 O4V
5,568568 7,259141 F9II
5,712053 7,642303 B7I
8,064321 20,524777 O8V
8,336132 20,215939 VII
8,372207 20,760148 G3IV
8,441153 19,576594 K2VI
7,820916 21,079444 O4V
9,673671 20,586932 G5IV
5,952214 8,010456 K8III
4,687331 7,281031 B1VI
8,047260 19,165226 B4VI
4,957252 7,996214 A1I
7,687393 19,558002 VII
4,467913 7,250906 O8I
4,643159 6,393074 B2VI
5,564729 18,557943 VII
7,506667 19,290255 VII
6,904115 19,598048 VII
4,774401 8,072526 M0III
8,481066 20,435341 VII
6,353695 6,531747 VII
7,491605 20,632521 G7IV
6,637257 20,072084 B3VI
6,114633 7,532626 M0VI
7,114085 19,698261 G0IV
9,238949 18,600931 O5V
6,003807 7,509876 A8V
4,365456 8,020223 O8VI
5,297003 7,841156 K9VI
9,236214 19,549670 VII
6,960840 20,017244 O6V
6,318420 6,199364 O9V
6,307079 8,000360 O3VI
4,856006 5,803123 M5V
8,760501 20,354243 F9IV
4,723110 6,661113 A2II
6,998749 20,232887 K3VI
4,262377 7,266391 M3IV
8,330933 20,025817 VII
4,255111 7,602177 F8II
7,253968 20,832762 A9I
5,717679 5,400704 G8IV
4,609519 7,881968 M1VI
4,434711 7,262540 B9I
4,806384 7,044549 M2II
5,839081 7,608227 M2V
7,607298 21,323839 K8V
6,875042 18,781701 B1II
8,887892 18,970495 O8V
8,497235 19,685952 K9V
8,053034 19,686576 G3IV
6,617890 19,433021 F0II
9,391639 20,323842 K1III
5,415007 7,254368 F0I
5,013227 6,390499 M5I
8,478985 19,084902 VII
7,951858 19,439736 O6V
5,268677 7,342644 G8IV
8,570256 19,100123 K3III
6,139323 19,719933 O3V
7,665408 19,487359 G9I
7,569611 19,634553 K8V
7,305202 18,699031 VII
8,796741 20,883030 M4VI
4,934532 8,969465 O5I
5,220946 8,012702 F7IV
4,666804 7,035077 K5III
4,566257 7,190550 G7III
6,764705 20,830449 M0VI
7,741068 21,116975 B7III
7,456656 6,604152 O2I
4,642533 6,976456 A7IV
8,430914 20,588585 M5I
5,316023 7,098704 VII
8,099571 19,729678 F8II
6,069379 7,313681 O6VI
5,788545 6,776708 O7I
4,915618 6,363893 G2IV
6,914532 20,880106 G8I
6,272989 7,622242 G7II
8,994863 20,010615 M5V
5,291157 6,800583 VII
8,270110 19,978723 VII
7,587120 20,124883 G4I
5,240174 7,690424 VII
4,053286 6,999995 O7V
7,828313 20,637861 A6I
7,005808 19,244260 G6VI
3,884763 8,611832 A0II
5,295676 8,423016 K4I
5,542853 19,440004 M4I
4,206611 6,255816 O3V
6,490566 18,661667 G2III
7,494429 19,248874 B3V
8,180015 20,264538 O7V
7,284814 21,342653 B6II
9,118185 21,440040 G4IV
6,425777 19,643108 K4III
4,889578 7,487544 B4VI
4,708939 6,967651 VII
7,870326 20,577517 A3VI
5,049927 6,425741 M5VI
7,490763 20,156365 F0IV
4,839092 8,459341 O5V
5,553778 7,326046 F5II
6,700093 19,852145 O4V
8,413004 18,776414 G5I
5,959231 20,320324 F9I
5,991647 6,401499 M1II
8,563621 20,049603 F4IV
5,675495 6,597878 M4I
6,862605 19,388954 K0II
7,051565 21,334617 O9I
5,292238 6,057198 M0I
5,934950 20,631779 M2VI
5,027032 7,403748 G0I
7,042577 20,163964 K2I
6,701720 7,406253 M3I
6,533002 20,843728 K7II
7,892439 20,994435 K2III
7,031925 20,012124 VII
7,623136 19,574838 A4II
6,222726 8,157738 K0V
8,145121 19,475083 O6V
6,080104 7,057654 B6VI
3,850614 7,221812 F3I
8,003490 21,189581 G3IV
8,848285 19,774420 K6III
5,581104 6,890299 G1VI
8,168990 19,995333 A0III
