26,330713 17,896394 B6VI
25,635936 17,381107 O4V
15,386768 19,665329 O9V
25,915089 17,040454 M2VI
26,114419 17,280247 VII
13,604013 28,118746 K6VI
25,528216 18,463922 G8I
25,823493 17,155953 G8VI
26,405153 17,885893 K9VI
15,619750 25,812344 F4IV
24,761503 16,206984 VII
26,912270 18,293853 O7VI
25,942051 17,154523 G3IV
27,428598 17,947536 K2III
25,385223 16,752971 K7III
26,730232 18,403938 G2I
26,147005 17,045137 K9III
14,298920 28,525950 A6I
25,979980 18,449649 K9V
26,560751 17,936238 B4VI
27,237404 18,980826 VII
14,573256 27,205600 B6VI
14,867010 26,885868 O4V
12,440569 27,989504 A2VI
27,096291 17,897418 O4I
25,229404 18,704122 F1II
25,482371 17,701349 O8V
25,987442 18,292855 M5III
24,451750 17,844222 G6VI
14,391829 24,976497 F9II
26,098826 17,421035 K2II
25,242316 19,292058 B6VI
16,115490 19,589601 K0III
17,708635 19,406997 G6IV
17,084146 18,971124 K6V
25,276268 17,445766 M0II
26,980878 18,207931 K1I
14,462210 26,783863 B3VI
16,820643 18,976467 A5II
27,255850 18,203319 B2VI
15,170217 26,200150 G3IV
14,024536 27,204971 K7II
16,291653 19,239295 K9I
25,660593 19,627191 F5VI
25,208588 17,117946 F6I
24,153774 18,389128 B7VI
15,676525 18,457112 O6V
27,900342 18,333196 A6I
14,488181 27,221059 A2I
26,261629 17,212003 B1VI
25,677603 17,424944 K9V
23,670894 18,350817 G5II
26,279811 17,105152 B1IV
24,620844 17,651526 G5I
25,945874 18,400175 G1IV
26,758244 17,938614 B2VI
25,733390 17,190114 F5V
26,797280 18,089739 M0III
26,838402 17,596458 G5I
26,201449 18,361371 F6II
25,119306 18,199467 O3I
27,120496 18,984915 F5I
16,021754 19,498341 O6V
26,325145 18,109659 M2I
25,618235 18,712881 K4I
25,909485 17,553646 O3VI
27,654323 17,943338 G8III
27,916967 18,508533 VII
26,508954 18,103774 K0VI
26,070482 18,072978 M4V
24,822777 18,676006 VII
24,491141 18,092241 VII
25,638887 17,900821 VII
25,742634 16,867047 F4III
26,111092 18,132995 G3IV
24,901038 17,356072 G2III
25,577054 19,022789 VII
24,337702 16,634347 M4II
26,454517 17,785840 G4IV
26,774724 18,630918 F7VI
26,098126 19,398197 G9IV
25,627348 17,047862 O7I
25,417309 17,699047 VII
25,017728 17,823962 B4VI
24,430760 17,599121 G0V
25,958414 17,427127 K5IV
25,579551 17,714551 G4IV
26,771216 18,086115 VII
26,250834 17,941842 O2V
25,484075 17,237879 A8I
17,097232 18,131099 K2III
26,010431 17,702042 M2II
25,874718 19,394791 A3I
27,014557 18,894958 K1VI
26,110811 17,636234 G7V
26,603128 17,948637 B9VI
28,212113 18,533746 B5VI
26,262100 18,343832 G9II
16,905784 19,455526 M0V
14,705986 27,727479 F4IV
18,180504 19,718204 M4V
27,925047 18,379033 VII
25,789362 18,105589 G7V
27,264087 17,712857 O6I
26,164970 17,625598 A1II
25,997678 16,967850 F7IV
15,294915 18,881176 O5I
15,320324 28,072047 K7III
27,016963 17,760422 M5V
26,779971 17,710304 VII
25,137793 17,077825 A2I
27,166396 18,572846 O5V
26,661895 18,156745 O6I
26,101773 17,935111 G3IV
26,662891 17,308339 B5I
26,023867 17,752656 A9V
25,397895 17,354567 O2VI
26,313457 17,271111 VII
25,476347 16,515769 A2I
15,482235 19,441525 G9I
13,276330 27,199987 G6IV
24,660750 18,115561 K2III
27,326267 18,584549 O2VI
26,221770 17,747235 A8II
25,916012 17,350329 F7III
14,437286 26,016263 F3VI
24,577825 17,913739 O2V
15,900555 19,095277 O7VI
13,721938 19,126593 VII
26,046290 17,483134 B0II
26,024730 17,605059 A8II
16,123775 19,430586 VII
16,079261 18,777296 K3VI
28,127906 17,596134 VII
26,669399 17,954069 K0V
25,943771 18,096549 M0VI
16,420367 18,272940 VII
12,837768 27,840815 O2V
26,064965 17,860822 K5III
26,949371 18,270547 K2I
14,090030 27,750357 O3V
14,212222 26,806681 K3VI
27,645275 17,699277 K4I
25,276391 18,794462 VII
16,136824 20,084932 A2I
14,077364 25,644235 VII
15,861836 19,642085 G5IV
26,095506 17,270893 M4VI
16,321461 18,976533 F2V
25,940974 17,833106 O5I
26,470964 18,129493 M0I
25,302574 18,237235 VII
26,377037 17,458586 F7I
25,524474 18,745357 M2VI
26,594530 18,496331 F5IV
26,860659 18,653837 K7I
25,893308 18,591734 M2III
27,164289 18,115958 VII
25,190720 17,844967 M2V
14,979390 27,306192 O3I
26,375286 17,808254 M1VI
15,687236 26,309660 O2V
15,785900 18,873684 O3I
26,006679 17,639307 G4IV
17,299296 19,260765 A8IV
25,846357 17,644623 B5VI
14,471185 26,485317 G7V
26,705376 17,888643 A1II
26,038454 16,720613 G0IV
25,751271 18,173816 F0IV
26,003956 19,198355 K4V
27,016602 17,556620 K8III
26,584129 18,737712 G6I
26,079770 18,057656 B7VI
17,258241 19,597045 A3I
14,992266 27,431163 G1VI
13,725534 27,970548 M5I
25,368221 18,560177 G1VI
26,198494 16,633874 M1II
17,727800 20,195339 G2III
26,266667 18,416993 G2IV
25,626444 19,041886 K7III
26,453331 17,774168 K1VI
16,168321 18,942423 G5III
17,318110 19,916392 M0V
16,487750 19,425586 VII
15,981252 19,604236 G3II
25,719762 18,246765 O6VI
26,534131 18,218380 VII
26,243901 18,081447 K3V
27,079264 18,624393 B8VI
14,633786 20,413098 K3VI
25,558713 18,961695 K8II
14,605434 25,246667 VII
25,987746 17,634803 K3I
27,467655 19,692209 O2V
26,730711 17,220572 G1IV
28,373571 19,242399 A7IV
16,217365 19,509847 O7I
27,355644 18,501197 G2IV
25,395715 17,446925 M3II
25,966206 17,951849 F1II
27,558673 19,743048 G1IV
25,767666 17,936812 F8VI
13,024841 27,610320 O3V
25,573001 17,941828 VII
14,449885 19,371614 VII
25,666160 17,945718 VII
26,179955 16,833283 O0V
26,927526 17,575802 B3III
28,242086 18,457387 B2I
25,362138 18,208358 O8I
25,601769 17,395742 K8V
14,602829 26,791359 O8I
16,160275 19,853136 G5I
15,663885 18,465243 G0I
26,751952 18,102675 M0II
25,197683 17,313700 VII
16,752094 19,640048 M0VI
24,905312 17,185476 M2VI
14,756071 27,342761 M2II
16,704223 19,402705 O5VI
15,737256 20,293510 K7III
25,482006 17,582345 G4IV
24,448409 16,223827 K4III
26,264847 17,980234 M3IV
14,688673 27,256306 K2III
16,200144 18,917866 B2VI
26,633916 16,571547 O7I
13,687517 27,549514 VII
27,363107 18,342170 VII
25,808853 17,759306 K2III
25,977040 17,580079 G9IV
25,358415 16,596770 VII
26,509368 17,784952 G4IV
25,283317 16,917217 G8V
15,248281 20,450506 K2V
13,071847 26,575237 F3III
26,769337 17,536774 K5III
27,255472 17,892085 K0VI
25,280098 16,771997 B5VI
25,220866 18,239782 G7I
13,212056 25,414791 O5V
26,305419 19,343681 O8V
26,640266 18,425774 B6II
26,745110 18,241535 F6II
26,735542 18,376758 K6II
26,725160 16,083349 G0IV
26,804320 17,937071 F7IV
26,651701 18,172766 VII
26,843431 16,497858 M1III
26,656081 17,431450 VII
27,043561 17,351823 K7IV
15,324448 18,980121 G8IV
25,686466 17,364134 B6VI
16,391641 18,188595 M3I
25,680490 17,628898 G8II
26,489038 17,614343 K3I
15,059451 19,726929 O6V
27,204192 18,263273 VII
27,294906 19,031681 B9VI
17,012413 20,290672 M0I
25,879405 18,508177 M3I
25,294773 16,823628 K9II
26,008191 19,050101 G1II
26,519633 18,416640 K7III
26,831403 18,410665 M0V
25,780660 18,468010 K7VI
13,094795 26,779807 G5V
14,179125 27,992400 B2I
26,826640 17,267738 VII
24,630159 18,219186 G2IV
24,829221 18,515130 K8I
15,202214 26,724072 M4I
14,656622 28,075265 G3IV
27,710908 18,151372 A4V
26,276593 18,646983 O3V
26,147321 17,296545 G9I
27,488951 17,277927 A2IV
24,988269 18,315593 F5II
26,514246 17,490182 K4III
25,461344 17,551620 O9V
25,579309 18,689822 A6II
16,314894 20,301846 F3IV
14,368224 27,360936 B4II
16,335391 19,099827 F9I
26,417716 17,825873 A5II
25,907575 18,049198 O7V
25,619085 18,697777 G6III
26,893767 18,716226 VII
25,265727 17,198215 O0V
25,239692 17,893592 M0III
26,487736 17,014182 G0I
25,800626 17,667894 A8V
26,153545 17,819691 O5VI
26,341385 18,977935 K0III
26,425804 17,971444 K2II
25,963364 17,288802 VII
26,579659 18,174115 G1I
26,512208 17,305357 K0I
16,718913 18,469152 F0I
26,420441 18,742725 O5I
14,087581 27,888278 VII
17,223116 19,104449 VII
15,317795 19,749176 G1V
26,192945 17,908655 O5V
25,188909 18,243729 G1IV
24,446992 17,594970 O3III
16,976154 20,130201 O5V
25,792708 19,097509 O0V
16,272373 20,295998 VII
25,771440 18,655520 K1I
14,750089 26,257949 K0II
24,911368 17,378975 VII
25,685953 17,924907 F5II
25,783112 18,183896 F6V
25,633448 17,660224 G1IV
25,217502 18,033534 O3V
25,068732 18,046434 G7III
25,948161 18,987261 K3II
26,954701 17,826671 G4VI
15,699617 19,782183 VII
15,306074 21,091674 B3II
24,805619 16,301141 M3II
26,563261 18,815793 G5V
25,312417 16,504122 O6V
13,086979 28,268370 O5V
24,729132 16,950239 K7III
26,276536 18,235083 B2II
25,548176 17,100446 K8III
24,470531 18,610042 K2III
16,674620 19,413595 M2II
15,939961 18,707222 G4III
27,476482 18,454750 G2V
25,615435 18,244903 F4III
15,018867 27,489929 O9I
26,028551 18,556282 A0I
27,173905 18,588769 M0VI
15,241081 27,156788 O4V
16,978081 19,805776 O6V
25,525455 18,194171 G2IV
16,971684 17,953397 VII
16,212450 18,869523 O9V
26,652099 17,352175 K1III
25,844177 17,172758 M4III
26,208636 17,858904 A6IV
26,398225 17,919479 VII
26,275626 18,527753 A8V
26,063451 17,768638 O4V
17,413485 19,035216 B2VI
26,328904 17,450940 F8IV
26,066650 17,468255 O7V
27,351627 18,869732 G1IV
27,988962 17,737035 M1I
16,848379 19,820773 K1I
16,368694 19,117559 O9V
17,645673 19,753781 G2II
26,289951 17,929429 B0VI
14,748737 26,747764 B5VI
26,620252 18,040505 A4I
14,769108 26,717872 M3III
25,745074 18,754219 F0I
17,020196 19,102574 O2I
17,068355 20,539336 G0IV
15,137225 27,702567 G9V
26,065834 18,080394 M5III
25,878351 19,221711 K8II
25,087800 17,216536 VII
27,251550 18,825005 K9III
24,318743 18,052689 G5VI
15,617959 18,998837 G8V
25,760347 16,798912 M2III
16,625377 19,244244 K8II
25,939208 17,878752 K2I
25,266872 17,590086 M5VI
24,572996 18,483501 VII
26,560412 17,321683 B6I
25,099050 17,788089 VII
14,926615 26,819543 K9I
16,941894 20,313510 VII
25,661096 17,140220 B2II
25,232330 17,439412 F6IV
16,187931 19,732343 G1IV
15,361392 28,106590 F1II
27,358309 17,936904 VII
26,059334 18,345486 K7III
14,953219 25,833670 B2I
13,197792 27,505061 G9I
26,158677 18,622822 G9II
26,166612 18,099747 M5IV
25,843023 17,567571 F3I
27,384844 18,108991 F4III
26,717227 18,001789 B3II
27,921993 18,200494 VII
25,039233 17,972447 M5II
26,615327 17,288498 G2IV
25,462675 18,744279 B8I
26,094295 19,054841 O7V
26,008694 18,050263 G1IV
26,991371 17,696605 G6III
25,662484 17,999020 K0I
15,472282 19,032084 G5V
14,815860 27,806491 M1VI
26,046142 18,129427 B4VI
26,840099 18,046591 K8III
27,410452 17,852736 M1VI
25,449082 16,745535 K9III
26,177719 17,213802 K9I
27,366175 17,550563 A6II
15,146715 26,019589 K2V
26,214746 17,367007 G9VI
26,549751 18,135713 F5IV
26,939828 17,244344 O9V
16,456857 20,426126 G8V
26,353306 18,775185 M2V
17,136030 18,440228 K1III
26,058186 18,518413 VII
26,652912 17,897688 K0III
25,176582 16,958096 G2III
26,762976 18,099705 O3V
26,236707 19,022925 F8V
25,548342 18,481694 K3III
26,175060 18,289170 F3III
26,165313 19,170712 G5VI
26,689899 18,004510 B7II
25,887959 17,852841 O8I
27,893989 16,843410 VII
16,327575 19,755393 M0II
15,605332 18,250686 K4III
27,170539 17,697626 K5III
26,541541 18,315866 VII
14,209446 27,073926 VII
25,317236 17,296826 B4II
26,497733 18,535534 K8III
26,247449 17,316378 M5III
27,560050 17,996330 F9VI
26,514331 17,898720 K4III
26,327804 18,532007 O1V
26,128220 17,156160 M3V
16,364280 19,275464 F7I
14,997832 19,402926 O3V
27,143306 17,663506 VII
26,784627 16,871999 O3V
15,006918 26,721872 B0I
27,371718 17,600715 K3III
16,861508 19,438931 VII
26,205211 17,072145 M3I
26,076824 17,607870 O4V
26,717750 18,456055 O7I
17,024453 20,067498 G7V
26,176962 16,880459 F5IV
25,667757 16,394007 B1VI
26,177314 17,425318 M3III
26,399176 17,548574 B5III
26,550329 16,831423 K7III
26,775818 17,728209 B9VI
26,490785 18,210162 M0I
17,054652 18,582041 B7VI
16,100589 20,037862 G0IV
14,456999 25,801462 M1II
26,417130 18,041616 O5V
26,264181 17,266764 B5IV
15,949222 26,361190 B3I
25,994140 18,308212 K0III
25,968391 18,719761 K0VI
25,866044 17,782288 K3III
25,128849 18,799690 VII
14,586200 26,920069 G8V
26,459738 17,395326 F2IV
26,074742 18,668234 B0I
26,274469 19,033505 G7IV
26,580716 18,665269 F7I
14,448753 26,073561 G4VI
24,736592 16,977806 VII
15,926392 19,278128 O9V
23,606562 17,847626 K0II
24,981903 17,818141 M3VI
24,906795 17,268863 G2III
26,072493 17,407857 O9V
13,732046 25,823411 VII
14,310885 28,598931 B9VI
26,339855 18,490582 B6VI
25,363301 17,054241 VII
25,878782 17,500680 K8VI
26,124274 17,718146 B7V
24,482056 18,355884 M2III
25,013221 16,980144 F1II
15,765726 26,405351 K4III
27,507047 17,836701 M1III
25,665323 17,735727 F9VI
26,226039 17,006059 F1I
27,047473 17,654816 O4V
27,012283 17,051624 A3II
25,393521 19,895695 VII
15,585565 19,693359 M0I
16,687053 18,429923 O8I
26,039837 17,319532 G4V
15,405660 26,983558 F5II
16,095491 19,676686 A7I
17,696787 19,459534 G5III
27,150250 18,052461 G5IV
15,602464 26,752682 O7I
25,387916 16,545082 K5III
24,752678 18,692846 G2IV
28,117306 18,218988 K1III
25,991089 18,105114 M3II
17,095409 19,695342 O5I
25,858961 18,210442 B1VI
26,633884 18,297344 K1VI
27,791893 18,638248 F5I
26,435802 18,970923 G2I
25,052778 18,407165 G1III
26,569674 18,409853 G3IV
26,034825 17,975225 G2VI
13,822965 26,978047 G4IV
26,174092 16,920393 K1IV
26,532076 17,063247 B0VI
13,916760 27,423584 G0V
16,332966 18,852386 G3IV
28,474232 16,604472 M5I
25,884783 16,935895 F1III
26,504566 16,445715 K9III
26,434927 18,700849 O5V
16,984552 19,184840 VII
15,818631 18,439570 G3V
25,644672 17,616526 B7II
24,709535 16,677693 K9III
26,190683 18,134775 K0III
26,388293 17,875401 VII
25,035089 19,041774 B7III
26,933160 18,885523 G4VI
26,658459 17,198954 G4IV
25,312109 17,892457 K2III
25,604739 17,347785 B8VI
26,983956 17,520335 O8VI
16,096921 18,429511 VII
25,969999 18,303465 G1IV
26,294654 17,817138 B0IV
24,761462 17,972835 M2III
25,280178 19,003128 VII
26,214271 17,221421 G5IV
26,401652 17,992394 M2V
26,788136 17,839133 O4VI
25,512794 17,995485 M2V
26,185233 18,215776 B6II
25,892653 18,657125 G0VI
15,893548 19,018083 A2II
26,825528 18,707349 G4IV
26,679234 18,278074 G4IV
25,500177 17,072430 O9I
26,287831 17,886476 O4V
25,203473 18,838646 F0I
17,397095 19,644696 A5V
15,995162 19,520574 F6II
16,943674 19,511642 K3III
15,360327 27,298945 O4I
26,518862 17,828749 M3V
25,456476 19,136072 M3III
26,232263 17,333125 G7IV
26,283972 18,659599 O3I
13,491767 25,945399 O4V
14,363561 26,563287 F1I
26,927203 18,055258 B2VI
15,931484 20,557387 M4I
26,192535 17,544728 G7VI
26,112204 19,207677 B3VI
27,861105 17,211767 M2VI
25,155019 17,514981 G8IV
16,021382 18,536708 VII
26,546354 18,534894 B2I
16,751176 18,905579 A5IV
27,885879 17,730602 O0V
24,699812 17,712472 F2IV
13,978417 26,445876 O1V
25,289490 17,342081 G2I
27,174310 17,717585 A9VI
15,959286 17,941653 A5II
25,961759 18,155932 M4V
27,287150 18,013984 O7I
25,037272 16,494107 K9III
26,780405 17,737973 F4IV
25,379209 18,455769 O9V
13,966053 25,974811 VII
26,783715 17,955939 G0IV
25,897757 19,175241 G5II
26,546625 17,658149 F3IV
27,795485 19,242297 A7II
25,559868 19,082811 VII
25,961355 17,704959 B7VI
25,844669 18,205642 O2VI
25,561950 17,039321 F0II
26,940174 16,892945 M1V
15,477173 27,384550 F0V
16,734448 18,946647 VII
15,791036 19,522971 A5III
24,096738 17,399390 A4II
26,489662 19,167026 K9III
26,230601 18,447146 VII
26,336824 18,278456 G5IV
26,775978 18,860030 B5VI
25,745940 17,529178 VII
15,586314 19,218830 K3VI
26,134406 16,623984 K4III
25,992030 17,525430 F1I
26,203788 17,435909 O4V
17,129499 20,555157 M5III
15,100748 25,821497 G1IV
27,178528 17,175817 O9VI
24,405803 16,476873 VII
25,660771 16,787181 O5V
28,245216 18,521236 B9VI
26,082063 18,204068 VII
26,047795 18,200568 A3II
26,847187 18,107216 M2II
26,190140 17,854301 M2I
14,186144 26,582035 G7I
25,778159 18,497408 M3III
25,945365 16,737962 G7IV
26,090844 17,341757 G0I
15,752056 25,922301 F5VI
24,480646 16,876270 M2III
26,643772 17,649370 B9II
25,912641 17,158628 O5V
26,805421 17,276651 A8IV
24,584660 16,416440 F2II
26,755186 18,159338 K6III
25,407850 17,185803 G8IV
13,769187 28,499806 M5V
26,162062 18,641156 VII
26,399742 18,736848 M2II
27,795818 18,735427 M5I
14,406960 27,190582 K9III
14,040068 26,717131 B5III
12,569949 28,167894 A4I
27,035371 17,724891 O2V
25,230809 18,445189 B6II
24,899109 18,014105 F4IV
26,195283 18,838892 G0III
24,623701 17,330935 K9I
14,970903 24,890896 O3V
26,205005 18,050845 K5III
26,009906 19,063256 F0II
17,079157 19,810373 F2IV
18,420657 19,439097 K1III
17,263335 18,627624 A6II
25,618564 17,321357 B6VI
26,243512 17,286189 A7II
14,362130 26,898443 F2II
16,963914 19,595746 B0VI
27,263420 18,528053 VII
14,956219 26,359243 K6III
13,681435 27,118894 F0I
16,636742 19,158094 G0VI
25,701872 19,206942 O7VI
25,334211 17,821306 O5V
24,333159 17,910097 K9III
15,900978 19,093557 O5V
27,984788 17,849016 K5I
14,217595 26,931336 G2I
26,176922 17,404975 VII
25,752268 17,098569 VII
23,836196 18,622368 B4VI
26,122952 16,860912 K0II
24,365435 17,332273 VII
26,035601 18,649051 O0V
26,944048 17,826126 K8III
26,068863 17,394409 VII
25,981183 17,810036 B8VI
27,142125 17,635442 F4I
25,679149 17,856725 O9V
25,533198 18,279844 A3II
27,400194 18,217174 G7VI
15,767666 19,642353 K4I
26,232188 18,261573 VII
25,463794 18,068422 F8VI
25,938613 17,339453 O2VI
27,138429 17,934971 G7IV
27,494817 18,341152 O7V
26,223339 17,611075 G9VI
26,575495 17,652973 O8III
24,825249 18,539797 B0II
24,487511 18,424048 O2V
25,458992 18,096713 O6V
26,045259 17,461566 B3V
26,292633 18,287049 K0III
24,177238 17,995495 O7V
25,970911 18,435660 B9VI
24,491485 16,351491 O8VI
27,097369 17,475242 VII
27,426646 18,360284 G0IV
26,376190 19,633693 O5VI
25,259107 17,855045 O0V
24,838551 17,995861 K1III
25,361406 17,817279 B7VI
24,187684 16,882833 G2III
25,916528 16,751648 G5V
25,680939 18,258669 O0V
26,394632 18,293397 VII
25,862001 18,384720 A1V
24,786374 17,335834 VII
16,662955 18,335886 K7III
26,613254 17,687023 O9V
26,398208 18,755207 O8V
26,725243 19,387520 M1I
25,585748 18,040434 O7V
26,882801 18,126414 G6III
27,435128 18,155041 F5IV
26,694045 19,078499 K5IV
16,289686 19,468951 VII
14,899501 27,574733 B8VI
17,442610 19,662980 VII
27,228815 18,506948 K9III
26,080415 18,889344 K8I
26,566701 17,708792 K2II
25,655847 18,363115 M2VI
25,906271 16,493445 VII
14,840218 19,171129 VII
14,724744 27,866952 G7IV
27,088158 17,725540 G0VI
26,712302 17,796701 F8IV
25,109892 17,525070 A0I
26,731593 18,003324 O4I
26,183698 18,399111 M4I
26,318442 17,909403 K6V
26,077630 17,318660 B7VI
25,825376 17,296442 A1I
25,717210 17,979298 K1VI
26,803897 17,200054 B5II
25,753753 16,671855 O6V
15,772399 19,295191 O7I
13,644278 27,513380 G2III
24,466779 17,739062 K4VI
28,002703 17,939629 VII
25,641037 18,475566 VII
26,356197 17,123534 M1II
14,878709 26,475909 O4V
25,231658 18,057098 F6VI
16,352315 19,731927 K9VI
13,856590 19,437859 M2I
26,057756 17,477862 M2VI
25,966405 17,350615 VII
15,810675 19,294872 F5II
16,390477 19,314145 F1IV
28,145725 18,006073 G4VI
26,677104 18,102356 K4II
25,813464 17,205597 M2VI
15,548938 19,181108 F7II
12,918221 27,783985 F1II
26,442330 17,818327 B2I
26,812843 18,119536 O3V
14,284010 27,759860 VII
13,982381 26,647188 VII
27,746705 18,169126 O4V
25,497842 19,083098 O6V
16,454401 20,121859 M0V
14,134483 25,676040 G7II
15,114615 19,459196 G5III
25,782784 17,565354 VII
16,509801 18,619411 VII
25,871067 17,810140 O8VI
26,680275 17,896360 VII
25,485117 18,266532 G1V
26,894413 16,905031 G3IV
25,731946 18,614470 G4IV
26,286464 18,248097 M2III
26,019853 18,462062 VII
25,375858 18,975180 F0I
26,663354 18,838740 M0I
25,537870 17,970939 M0VI
14,480916 26,638296 G3II
27,130965 17,803171 G5I
16,242938 25,627281 O6I
16,604849 19,525609 M5I
26,336714 18,179861 G6III
16,820222 20,058797 M1V
26,461967 18,276598 M4I
13,968514 26,609730 K9II
26,920786 17,691107 M0V
26,622292 16,635175 A2II
26,125498 18,745741 F5IV
25,537565 19,076444 M4VI
27,052415 17,712643 O9I
26,343054 18,716756 G9II
25,654839 18,024971 M3VI
16,815445 19,786950 B1V
14,651037 26,869273 K7II
14,050148 28,231228 G8IV
25,189841 17,937316 B9VI
26,098251 16,787091 VII
17,772534 19,892738 VII
26,106509 17,829590 B0IV
25,603346 19,439023 F0I
26,065834 17,503723 O4V
16,768129 18,887294 B7VI
17,661807 20,062169 VII
15,877598 19,319906 A9II
16,291773 19,484836 F9I
25,777825 18,886167 B4VI
26,747979 18,703351 A7II
25,716345 18,597587 O6III
27,122235 18,802699 G5II
14,771727 20,135316 K8III
25,624123 19,036737 B0II
14,985035 25,013557 F3VI
25,717507 17,677430 G6I
28,215032 19,067817 VII
26,621322 17,096976 O5VI
28,282641 18,723240 VII
16,008864 19,015255 K6III
27,275005 17,818978 A5II
25,835278 17,771153 VII
26,292021 18,100565 G5IV
27,170622 19,471987 F8II
26,107955 17,157980 B2VI
13,359839 26,880994 F2I
25,957860 17,754958 M3III
14,625553 18,766015 VII
25,472784 18,060201 K3II
25,303416 17,274615 A9II
27,179282 17,518558 O7I
28,354111 18,591090 VII
25,470874 18,760078 O4V
26,273935 17,361752 F1II
14,488921 27,077534 F2II
16,696528 19,391658 A1II
15,600178 18,300980 A3II
25,948913 18,223251 VII
24,753570 17,327603 M0V
16,816055 20,320112 B6II
24,989217 17,265886 B4VI
14,928975 27,770319 G3IV
16,551396 18,896647 G1I
16,188412 20,141767 G0IV
25,217374 17,757153 O1V
24,798931 16,733755 O8I
25,855834 18,045415 B9I
14,982931 27,124659 F5II
16,126912 19,443597 G9III
26,283588 16,835166 B0VI
13,453413 27,399092 G5VI
27,682958 18,586611 VII
25,530151 17,558412 B8VI
26,416470 17,456512 O0V
25,093172 16,784723 O5V
26,529210 17,142494 B5V
25,854163 17,345366 VII
14,725447 20,358395 B7VI
12,987776 26,716266 VII
27,013195 18,147183 O1V
27,671748 17,949581 O7V
25,609311 16,807212 K5III
25,097511 17,729363 B9VI
13,801042 26,049764 O3I
26,481853 18,954231 M3III
27,040022 17,745880 VII
26,819243 18,004069 B3II
26,297509 19,172784 O7I
26,071208 15,797747 M1I
26,988111 17,488354 K2III
25,857286 18,149947 VII
26,887864 17,021717 O3V
26,415494 17,439153 VII
26,711388 17,606609 M5III
14,751703 18,308396 K6III
25,612405 17,718535 A2II
16,009717 18,330285 G2IV
26,646262 17,781600 O7V
26,126043 17,124441 O4V
15,077016 19,872764 A4II
26,809477 17,740871 VII
27,000590 18,456288 F5IV
16,635724 19,702175 F1V
25,678589 17,995522 G5IV
25,401039 17,245753 O9III
25,457729 19,135795 G3II
26,226115 18,437245 K8III
26,674514 18,443007 O5VI
26,428732 18,117144 M4III
13,210967 27,136680 VII
14,112155 27,740605 VII
27,169886 17,245046 A9II
25,047494 18,013299 K0III
25,221265 17,852686 O7V
14,640510 26,385655 K9II
14,626620 28,034919 G2VI
27,800935 18,196123 VII
26,118906 18,490987 K0III
26,587832 17,862421 O8V
26,808829 16,737932 O9III
25,350347 18,588719 O6VI
26,519161 18,082988 G4II
26,126348 18,012051 K8V
25,358892 18,367410 A8I
16,448603 20,011546 F2II
13,968692 27,396984 M2I
16,139909 18,334263 G2IV
26,567936 17,978540 G3IV
25,532737 17,232914 G0II
25,433335 18,542685 K4V
26,787360 18,871541 VII
25,696006 17,024083 VII
25,428144 17,950357 F4I
26,226204 17,294702 O3V
25,318380 18,297800 O9V
26,384627 17,849370 K3III
26,765685 18,638468 G9I
26,918857 17,936715 VII
26,069369 17,505459 VII
26,700201 18,508389 VII
26,638292 16,905886 B5V
16,781747 18,346582 A5IV
26,075585 18,338903 G4IV
13,918652 27,294039 K4VI
17,155094 18,692344 G6IV
15,484238 20,255626 G5II
26,178562 17,243905 M0VI
25,510735 18,013296 O2VI
23,917273 17,760586 A6I
17,039337 19,962597 O8I
26,394996 18,821153 VII
15,973508 19,984286 F0IV
25,974816 18,591432 G2IV
15,556014 26,733705 F2VI
24,978539 18,223538 B0VI
25,675980 17,800585 M5III
25,739195 17,617972 M4V
25,480970 17,713882 VII
25,000629 17,650571 VII
24,999443 17,889123 B5VI
25,788390 18,805387 B8VI
26,909917 17,916051 O4I
16,197175 19,550532 K3V
15,154671 20,488740 A1I
25,085908 15,967416 B8IV
26,745970 19,222971 G5II
25,407652 17,116765 K6III
13,520996 27,446135 VII
24,862166 17,047591 O5V
25,935533 17,980250 O1V
25,672627 17,122880 VII
24,702781 18,229227 O3I
16,516577 19,596677 F5I
16,052894 18,737863 B9VI
27,876684 18,997273 K9I
25,530520 18,049101 O5V
14,878545 27,399592 G5II
26,041582 18,470025 K8III
27,499567 18,856770 G8IV
15,514929 27,065909 G4IV
17,262373 20,418304 F3V
26,442639 17,979429 G2VI
17,653969 18,157089 O6I
16,271696 19,084234 VII
26,503715 17,268210 K6III
25,860096 18,100717 O8V
26,394875 18,414678 K5V
26,405818 17,436150 O2V
25,870394 18,752802 G6II
25,328342 17,270726 VII
16,824244 19,224796 O9V
26,495466 17,186483 O6I
25,581999 17,712923 VII
27,000141 18,442791 O5III
28,070225 17,356178 VII
16,531588 19,914635 B9I
15,846361 19,094837 A2I
17,877557 19,428847 B7VI
26,434573 17,497128 VII
14,038556 26,659385 O5I
26,959091 18,399425 M5V
14,995782 27,150076 G2I
26,362589 18,097048 G6IV
16,389310 19,393058 M0IV
17,053273 19,995761 G9I
15,611343 27,871984 O7VI
26,116378 17,796022 VII
25,778794 19,501351 K2III
25,059367 16,866198 K0III
26,577168 18,321678 B9VI
23,773236 17,649806 VII
16,207902 18,460931 VII
26,419106 16,526110 VII
16,883125 19,855014 K5III
25,856717 17,898479 O4V
25,241472 17,484434 F3VI
24,623595 18,546328 VII
26,172830 16,695829 G0I
25,665705 17,346638 M0I
14,964780 26,647715 G0V
17,453672 19,384541 VII
25,763485 17,001649 B4II
24,983221 17,588986 G4IV
16,935318 19,297272 B6III
15,303355 27,789654 K0I
27,022602 17,889601 G5IV
25,671530 17,771576 B7I
15,269799 26,108606 O9V
13,322860 27,353997 K2III
25,508326 18,824104 F1IV
26,134084 17,599243 M1V
25,852614 16,967620 K3III
27,304183 18,316479 B1VI
26,455725 17,595887 B9VI
27,733142 17,879657 A2II
25,083011 18,681349 G6IV
26,368307 17,332996 A9II
25,602787 18,186535 VII
26,514385 19,025470 M2V
25,505747 18,499561 G3III
26,864301 18,181197 G7V
25,018504 17,946814 B1V
16,018202 18,309632 G5IV
13,899227 27,238942 A9II
26,068342 18,166719 K6VI
27,286672 17,285295 G6V
27,622992 17,619215 G0I
25,515135 16,381236 K8III
26,550453 17,634825 A2I
27,852165 17,854595 VII
14,235096 26,784840 K5III
26,586584 17,607424 B5VI
27,102953 17,897521 G9VI
26,763956 17,672204 K1VI
16,469992 19,610302 B5III
26,437133 19,302431 G6III
17,365837 19,107678 K2VI
26,631586 18,040446 B3VI
27,367935 18,374777 B6VI
25,181184 17,621502 F2I
26,937654 18,211505 K9III
26,448033 18,183905 O3VI
25,570357 18,053706 B7II
25,827514 18,528676 O8V
26,438813 18,516499 F1II
26,058236 18,256626 O2VI
26,583051 18,513857 VII
27,549958 16,700107 F1II
16,982822 19,648221 A0I
15,557754 18,288466 VII
27,833272 18,244744 VII
26,685636 18,678346 VII
14,229926 27,731041 B1II
25,807876 17,094671 O9V
26,690558 18,358478 G3V
26,211900 16,846230 M1IV
27,886012 18,544336 M4VI
26,418725 17,375171 G5VI
26,338594 18,174675 VII
25,727068 17,506059 O6V
17,040234 18,955074 B5VI
15,231353 19,838403 M4V
26,367115 17,455324 M1II
26,453091 17,030985 K4V
15,447791 26,170479 M4I
27,497544 17,741874 B8I
16,465926 20,145393 M2V
26,132146 17,110406 G2IV
26,038546 17,297241 G5IV
26,518489 18,715410 G1III
17,028961 19,761118 G7III
25,743148 17,206960 M5I
25,073222 16,583483 G4IV
25,818888 17,884285 VII
26,581602 17,683312 K3V
26,712962 16,670355 K7III
26,294022 17,521768 B6I
26,890408 18,144993 B7I
17,188558 19,185186 M2I
16,676773 19,517743 O7I
14,317770 26,249650 VII
26,461053 17,830639 O5I
26,424059 17,248537 A9I
15,559482 26,584717 M0I
26,837801 18,322566 F5IV
26,427612 18,423944 K3III
25,662378 17,690869 G3VI
25,485496 18,655359 VII
15,273217 26,989534 O5V
26,166465 16,799994 G1II
26,747978 18,088718 K1V
27,130159 19,149149 VII
26,254473 18,874922 M2III
14,571050 26,724470 G1IV
25,550319 17,035712 F7IV
16,063344 20,026436 B5VI
24,268654 17,522104 K6III
25,098218 17,820639 G2VI
24,883580 17,929021 M1IV
26,325359 17,809853 B8V
13,982742 25,963347 VII
14,731685 28,283927 M2III
26,146845 18,416576 K0V
25,680786 16,433299 M2II
26,355587 18,172772 VII
25,746490 17,741255 M1V
25,202569 18,370065 VII
25,628879 16,598451 K3I
15,325730 26,026664 G8I
27,611087 18,360983 B1VI
25,660293 17,378216 G2IV
26,706523 17,296461 M2I
27,363791 18,093705 O6V
27,207561 17,524401 A2VI
26,124399 19,398904 F9IV
15,497963 19,012868 G7I
16,980772 18,164009 K2VI
26,828749 17,735678 M0II
16,020691 26,882774 G2IV
16,396146 19,231535 G1VI
18,427207 19,760001 O3V
26,638600 17,701451 VII
15,196142 26,209492 B1VI
25,920857 16,636301 K2VI
24,371877 18,515215 O8V
28,170462 18,313922 M3III
26,170898 17,966029 M3III
16,462661 19,681400 A7III
25,801343 18,317695 A2I
26,338332 18,227093 M3VI
27,453631 18,808172 O7V
26,824020 18,946394 O6V
24,582735 17,882470 F1V
27,056788 18,047712 F4I
25,175504 17,013996 K0I
13,726543 26,318307 K3III
26,371246 16,978556 M1VI
26,243879 17,029478 B8VI
13,785471 27,454299 M1VI
16,463702 18,171211 A9II
27,664592 17,449648 K9III
25,762913 16,860590 M5II
26,337871 17,219954 A3II
25,911209 18,904295 K1III
16,973092 19,193367 O6V
15,685923 18,258947 VII
25,792690 17,978535 F7IV
24,463290 16,587098 K8VI
26,764471 18,947971 VII
26,031839 17,274529 A7II
25,012973 18,826040 VII
27,141205 18,692047 G3III
27,053957 16,999216 K2VI
25,800479 17,668811 M0II
24,877516 17,808630 VII
26,730947 17,245362 M3I
16,259941 19,284161 G0II
26,546834 18,480791 O5VI
26,295492 17,232265 B3VI
24,878481 17,453196 A7II
25,994871 18,618254 O2V
26,786804 17,712298 O3V
26,801695 17,938387 VII
26,296116 17,041602 K9V
25,544241 18,213469 VII
26,870892 18,515533 VII
25,401697 18,912478 A7II
16,078925 18,455344 K8II
26,707038 18,189096 O7V
26,373950 18,131058 O9V
25,976784 17,172603 M2I
27,004665 18,442837 O3V
25,998328 18,938602 M5I
16,682988 19,072843 M5III
15,449623 19,339673 VII
16,683096 19,839942 VII
15,607903 26,858261 VII
25,931696 17,391956 M5I
25,398490 18,691265 VII
27,043459 17,703269 O0V
26,690985 18,293866 M5VI
13,021010 26,532994 G9IV
15,103695 26,629382 K1I
26,731635 18,182133 F3V
15,932656 20,437711 K2III
26,486757 17,643811 O8I
26,700077 19,085074 F4I
28,339903 17,226360 VII
25,838104 17,797344 G4I
15,183174 17,989134 F6I
27,138434 18,814258 M0II
16,121882 18,852784 F4III
27,844923 17,728580 A4IV
25,508736 18,258025 B3I
14,191034 26,602693 O2I
25,905572 16,731315 G5IV
27,312564 18,180224 M0III
15,315081 17,849377 G3IV
25,817999 18,425610 B4II
27,251539 17,395207 B4VI
24,250083 16,280342 A9I
27,023704 17,731863 VII
25,638617 18,305996 K8III
14,237679 25,793920 VII
27,283069 17,229842 G5V
25,219462 18,895843 K8VI
26,957052 18,433550 VII
27,546279 19,250196 O7VI
25,522838 19,357474 O7V
25,947891 17,771084 F4IV
25,716778 17,999310 K6III
25,252193 16,679765 VII
27,077369 16,749001 B1VI
14,606800 27,799847 O6V
16,595283 18,389553 M1I
15,920766 18,920882 K6III
25,003417 17,186625 G4I
26,587059 18,642216 A5VI
26,042117 17,838610 K8III
26,216164 17,811899 M1III
26,636215 18,937392 M1III
25,731008 17,620274 G1IV
15,594505 19,155343 F7I
25,429997 16,621628 M0I
25,712430 17,314869 O4V
26,377178 17,932512 K9II
17,415982 20,370671 M2V
15,572356 25,856990 M2VI
27,545275 17,973930 VII
24,355526 16,644315 B9VI
25,616024 16,657015 A1I
28,101338 19,190813 O6V
14,186783 26,424915 G2IV
15,493047 27,197602 G7III
26,238265 18,371994 G5II
25,620059 17,738274 M3III
25,960279 18,799452 VII
25,821294 18,436513 K4II
27,449073 18,123843 A1II
27,445292 19,796796 F2IV
25,280420 18,093222 G4IV
