7,026636 3,014637
5,492469 4,740754
6,015088 4,095464
6,897633 -2,960051
6,178277 3,946004
5,801357 -2,577175
6,085053 4,227435
7,023918 -2,915408
6,988734 -1,486681
6,954773 4,298743
7,892049 -3,295084
6,051147 -2,457510
6,746485 -3,033478
5,223754 3,803318
6,935284 -3,721731
5,116369 4,744308
7,603308 -2,735760
5,853602 3,283526
5,635594 3,596258
5,758042 3,897506
5,090558 2,483102
6,535305 4,205884
6,798661 -3,016206
5,608365 2,568460
6,740400 -3,908409
6,462019 3,682748
7,030060 -2,343546
7,706323 -2,462614
6,922656 -3,126787
7,517393 -2,536840
6,139838 3,476767
6,384561 4,606278
4,902860 4,069495
6,730714 4,057726
6,398713 3,834236
6,506350 3,747263
7,484394 -1,868956
5,379641 3,210077
6,295067 4,392894
5,188977 2,804571
6,260777 3,959563
7,343851 -2,342635
6,016346 4,225147
6,135324 3,162917
6,050250 -2,674005
6,124644 3,397620
5,329029 3,782387
7,505784 -3,812006
5,551685 3,652456
7,528091 -3,800829
6,114047 4,585344
6,418694 -2,963421
6,371744 2,774256
7,409876 -2,265120
7,324874 -3,627041
6,220388 -1,640638
6,958682 4,800720
6,938741 3,689963
7,194636 -4,119408
7,047563 -2,814161
4,762590 3,167775
5,725502 4,199360
5,749478 4,201695
5,452215 4,122295
6,024459 3,110239
7,794695 -3,276869
5,854447 3,204184
7,474154 -3,126916
5,671670 3,062777
7,365600 -2,317776
8,003892 -3,206619
6,074891 -2,401420
5,627727 4,060675
6,409193 -3,907452
6,084826 3,928456
5,962784 3,407637
6,631213 -3,008462
5,783544 2,845000
6,087178 -2,962639
5,785525 -1,849213
5,516729 3,278057
6,198695 3,973898
7,283761 -2,776701
6,172481 4,024614
7,375011 -3,419249
6,253179 -2,877290
6,871146 3,924734
7,096038 -2,688840
5,165138 3,427456
7,257666 -1,861052
5,451887 3,187504
6,590198 3,497522
