11023
900
5026
5027
5028
5030
5030
5031
5032
5033
5034
5034
5035
5036
5036
5037
5037
5037
5037
5038
5038
5039
5039
5039
5039
5040
5041
5041
5042
5043
5044
5046
5046
5046
5046
5046
5046
5048
5052
5052
5053
5053
5053
5054
5054
5055
5055
5056
5056
5056
5057
5058
5058
5059
5059
5060
5060
5060
5060
5060
5062
5062
5062
5062
5062
5062
5062
5062
5063
5063
5063
5063
5064
5064
5064
5064
5065
5065
5065
5065
5065
5066
5066
5066
5066
5067
5067
5067
5069
5069
5069
5069
5070
5070
5070
5071
5072
5072
5072
5073
5073
5074
5074
5074
5074
5074
5075
5075
5075
5076
5076
5076
5076
5077
5077
5077
5077
5078
5079
5079
5080
5081
5082
5082
5083
5083
5084
5085
5086
5086
5087
5087
5088
5088
5088
5089
5089
5090
5090
5090
5090
5090
5090
5091
5091
5092
5092
5092
5092
5092
5093
5093
5093
5094
5094
5094
5094
5095
5096
5096
5097
5097
5098
5098
5098
5098
5099
5099
5099
5100
5100
5100
5101
5101
5101
5101
5101
5101
5102
5102
5102
5102
5103
5103
5103
5103
5103
5104
5104
5104
5105
5105
5106
5106
5106
5106
5107
5108
5108
5109
5109
5109
5109
5110
5111
5111
5111
5113
5113
5114
5114
5115
5115
5116
5117
5117
5117
5118
5118
5119
5119
5119
5119
5120
5121
5121
5122
5123
5123
5123
5124
5125
5125
5126
5126
5126
5127
5128
5128
5129
5130
5131
5131
5132
5132
5133
5133
5134
5134
5134
5135
5135
5135
5135
5136
5136
5136
5137
5138
5138
5138
5139
5140
5140
5141
5142
5142
5142
5142
5143
5143
5143
5143
5143
5143
5145
5145
5146
5146
5146
5147
5147
5148
5148
5149
5150
5150
5150
5152
5152
5152
5153
5153
5154
5154
5154
5155
5156
5156
5156
5157
5158
5160
5161
5162
5162
5163
5163
5164
5164
5165
5165
5165
5165
5165
5165
5167
5168
5168
5169
5170
5170
5170
5170
5170
5171
5172
5172
5172
5174
5174
5174
5175
5175
5175
5175
5177
5178
5178
5179
5179
5179
5179
5179
5181
5181
5182
5182
5182
5183
5184
5185
5185
5186
5186
5187
5187
5187
5187
5187
5188
5188
5188
5189
5189
5189
5189
5190
5190
5191
5191
5191
5192
5193
5193
5193
5194
5194
5194
5194
5195
5196
5196
5198
5199
5199
5200
5200
5201
5203
5203
5203
5204
5206
5206
5208
5208
5210
5210
5212
5213
5214
5214
5214
5215
5215
5216
5217
5217
5218
5218
5219
5220
5220
5220
5221
5221
5221
5223
5223
5226
5228
5228
5229
5230
5231
5231
5231
5231
5232
5232
5233
5234
5234
5235
5236
5237
5238
5239
5240
5241
5241
5242
5242
5242
5244
5244
5244
5245
5245
5246
5247
5248
5248
5251
5251
5251
5251
5253
5253
5255
5255
5256
5257
5257
5257
5259
5259
5261
5261
5263
5263
5265
5265
5265
5265
5266
5267
5267
5268
5269
5269
5269
5270
5273
5274
5275
5275
5276
5276
5276
5276
5276
5276
5277
5279
5281
5281
5284
5284
5284
5285
5286
5287
5287
5288
5289
5289
5289
5290
5291
5291
5292
5293
5294
5295
5295
5296
5297
5297
5299
5299
5299
5299
5299
5300
5301
5301
5303
5304
5304
5304
5306
5308
5309
5310
5313
5313
5313
5314
5314
5316
5316
5317
5318
5320
5320
5321
5321
5321
5321
5321
5322
5323
5324
5324
5324
5324
5325
5326
5327
5327
5327
5327
5329
5329
5331
5332
5332
5332
5334
5335
5335
5335
5335
5336
5339
5340
5340
5342
5342
5343
5343
5344
5346
5347
5347
5347
5348
5350
5350
5351
5351
5352
5352
5356
5356
5356
5357
5358
5358
5358
5359
5361
5364
5364
5364
5365
5365
5367
5369
5369
5369
5370
5370
5370
5371
5371
5372
5373
5374
5374
5381
5382
5382
5383
5384
5385
5386
5387
5387
5388
5389
5389
5389
5392
5392
5393
5395
5397
5397
5397
5398
5401
5405
5407
5407
5408
5412
5413
5414
5415
5416
5417
5417
5417
5418
5419
5419
5419
5420
5421
5421
5422
5422
5423
5424
5425
5425
5426
5427
5428
5429
5429
5430
5431
5432
5432
5433
5434
5435
5436
5436
5436
5437
5440
5445
5445
5447
5450
5453
5453
5454
5455
5456
5456
5457
5458
5459
5460
5462
5463
5464
5468
5468
5469
5470
5473
5473
5474
5475
5476
5477
5477
5478
5478
5481
5481
5482
5483
5484
5485
5485
5485
5487
5488
5490
5490
5495
5497
5498
5498
5499
5500
5500
5503
5507
5510
5512
5513
5513
5514
5518
5519
5521
5522
5522
5523
5523
5524
5528
5531
5532
5535
5537
5538
5538
5540
5540
5541
5547
5550
5550
5551
5551
5553
5553
5554
5554
5555
5557
5567
5568
5570
5571
5572
5574
5575
5583
5583
5587
5589
5595
5595
5596
5598
5599
5601
5602
5602
5605
5605
5606
5608
5608
5608
5610
5610
5612
5614
5614
5617
5618
5620
5620
5622
5624
5626
5628
5629
5633
5634
5636
5637
5637
5638
5645
5646
5647
5648
5650
5652
5654
5656
5668
5669
5671
5672
5678
5679
5679
5682
5682
5687
5687
5688
5690
5694
5698
5700
5704
5712
5717
5719
5719
5721
5722
5723
5724
5725
5726
5730
5730
5735
5735
5736
5736
5737
5738
5739
5748
5762
5771
5775
5785
5788
5788
5792
5792
5793
5793
5807
5810
5816
5816
5819
5829
5832
5838
5839
5843
5843
5846
5861
5871
5873
5876
5886
5889
5890
5899
5902
5908
5914
5925
5931
5942
5950
5955
5969
6025
6028
