-0,707422 8,530649
-2,362644 -1,016956
-2,191280 -2,704045
-0,683775 8,979529
-1,806079 9,648836
-0,947681 -2,361666
-2,493196 -0,769703
-1,822676 -2,657507
-1,292864 -2,802424
-2,035830 -1,539689
-1,273248 8,663660
-2,455246 -2,492395
-2,920538 -2,264666
-1,256056 9,984990
-1,851983 -1,531002
-1,505165 9,221326
-2,868588 -1,716070
-2,872520 -2,900628
-2,502746 -1,300212
-1,705424 -2,432258
-1,705972 8,788478
-1,431299 9,376550
-0,914384 8,144529
-1,769142 -3,015851
-2,023867 -2,347035
-2,231683 -1,756995
-0,311850 9,313739
-2,805454 -1,907460
-0,258938 9,386359
-2,288419 -1,555981
-1,787340 8,388106
-2,629415 -2,078921
-1,529460 9,441213
-1,483558 -1,487186
-3,157793 -1,446454
-2,624058 -1,921483
-1,437491 -1,600113
-1,549679 9,814558
-2,823562 -1,824630
-3,082161 -1,428698
-2,177745 -1,476649
-1,288461 8,645023
-0,201960 8,471310
-3,217599 -2,130535
-1,418938 -2,684157
-2,169390 -3,038313
-2,458036 -1,668818
-2,613746 -2,350328
-0,188833 9,328006
-0,447411 8,988301
-2,652565 -1,819199
-2,587350 -1,754384
-1,239395 9,997031
-2,307345 -2,187895
-3,121424 -0,725906
-2,378211 -2,601574
-2,720190 -3,163834
-1,224923 9,373715
-0,754958 9,032103
-2,134390 -3,392708
-2,627648 -1,918330
-1,550122 -1,029415
-0,086503 9,328356
-1,167241 9,238001
-2,522078 -2,780253
-2,231108 -2,934876
-2,821831 -2,014437
-1,318481 9,532299
-0,627189 9,472111
-2,403733 -3,252073
-0,401297 10,185924
-1,669002 8,877912
-1,396209 9,494448
-2,423845 -1,483461
-1,392345 -1,559946
-0,907951 9,299890
-2,726986 -1,747747
-2,355976 -2,774113
-3,193324 -1,616692
-1,085829 10,586119
-2,640769 -1,029652
-1,036490 9,614297
-0,230031 9,167887
-2,051035 9,209567
-0,839333 8,899005
-1,556640 -2,746387
0,107565 9,775957
-1,621297 -2,308308
-1,812605 -1,925891
-1,872501 -1,923259
-1,904416 9,626520
-2,178884 9,492686
-0,640127 9,454367
-0,509083 9,387750
-1,358221 -2,697334
-2,870599 -2,778138
-1,348436 -2,012525
-1,894748 9,934681
-2,675346 -1,723069
-0,586581 9,481545
-2,964842 -2,686882
-1,078931 9,249179
-2,840093 -2,304719
-1,855936 8,954706
-0,182142 10,024795
-1,823748 -1,768189
-3,186897 -1,838886
-3,482469 -1,272829
-2,945131 -2,365067
-3,029229 -3,112999
-0,405129 9,944673
-2,922772 -2,876103
-1,107612 8,408709
-0,109188 9,355710
-1,935826 8,665585
-1,643364 8,547293
0,114746 9,723394
-1,031874 10,726033
-2,143160 -1,569553
-0,389589 8,258501
-1,770410 8,652716
-1,195258 -1,365735
-2,157257 -1,273826
-2,820781 -2,312684
-2,862588 -0,844353
-0,202852 9,769666
-3,297682 -1,865965
-2,349631 -2,088116
-1,774366 10,464626
-3,127623 -1,798483
-2,539679 -0,950901
-1,695306 -1,037395
-2,004616 -2,123940
-1,895148 -1,999279
-2,949441 -2,640635
0,003663 10,563361
-1,113044 8,699384
-1,706474 -2,270688
-0,802026 8,939396
-3,206375 -2,246032
-1,867521 10,187235
-0,739625 10,106452
-2,958174 -2,113825
-1,992583 -1,850000
-2,688676 -2,891546
-0,195603 9,431204
-0,633259 8,054503
-1,401710 -1,865994
-2,930438 -2,074862
-1,471006 -1,788343
-1,760839 -2,012059
-0,420763 9,055919
-6,970458 2,151457
-6,784634399263089 1,8146524309563619
-7,148523141261585 2,108779178084985
-7,155653488985215 1,7366601153707002
-6,944853708886099 2,093224395130618
-6,840049172439082 1,9269401751959139
-7,095294246643971 1,8084877328217166
-7,009134480054749 1,9479816268410506
-6,938758367302203 1,736269143880305
-7,114539149663534 1,7768992305303737
-7,26395584501502 1,7868687063940145
4,299159 2,242180
4,490062436575248 2,1462380943527153
4,523348777569124 2,5772346230028527
4,4479782815784645 2,497733931156798
4,763282304642926 2,3122864818220465
4,416413617793742 2,304095112080372
4,576289583171997 2,2191824655817616
4,571652016836285 2,2664215217764925
4,575199920410163 2,3500532539356964
4,438178489550493 2,1176987284127042
4,427359849722027 2,129075185333728
-0,558167 2,833585
-0,9069414981355246 2,998584549517166
-0,8611483886490499 2,5533642488178634
-0,8789520954410213 2,571250044045928
-0,6561678044778567 2,602784757665603
-0,8767286206113463 2,899590351297813
-0,7997571523006632 2,792719465715895
-0,8214910811139591 3,0248799838435705
-0,7554237731213229 2,869429098210425
-0,7851765744447441 2,769642883989756
-0,5644339401255634 2,757922960940844
